000000000000000000000000000000000000000000000000000000000000000000001100000000000000000000000000000000000000000000000000000000000000000000000001000000000000000000000001000000000000000000000000000000000000000000000000000000000000000000001100000000000000000000000000000000000000000000000001000000000000000000000001000000000000000000000000000000000000000000001100000000000000000000001100000000000000000000000000000000000000000000000000000000000000000000000001000000000000000000000000000000000000000000000100000000000000000000001100000000000000000000000000000000000000000000000000
000000000000000000000001000000000000000000000000000000000000000000000000000000000000000000000000000000000001000000000000000000000000000100000000000000000000000100000000000000000000000000000001000000000000000000000000000000000000000000000000000000000001000000000000000000000001000000000000000000000000000100000001000000000000000000000001000000000000000000000000000000000000000000000000000000000000000000000000000000000001000000000000000000000000000100000000000000000000000000000001000000000000000000000000000000000000000000000000000000000000000000000000000000000001000000000000
000000000000000000001000000000000000000000000000000000000000001000000100000000000000000000000000000000000000000000000000000000000000000000000000000000000000000000000000000000000000000000001000000000000000001000000000000000000000001000000100000000000000000000000000000000000000000000000000000000000000000000001000000000000000000000001000000000000000000000000100000000000000001000000100000000000000000000000000000000000000000000000000000000000000000000000000000000000000000000001000000000000000000000000100000000000000001000000100000000000000000000000000000000000000000000000000
000000000000000000000000000000000000000000000000000000000000000000000000000000000000000000100000000000000000000000000000001000000000000000100000001000000000000000100000000000000000000000000000000000000000000000000000000000000000000000000000000000000000000000100000000000000000000000000000001000000000000000100000000000000000000000000000000000000000000000000000000000000000000000000000000000000000000000100000001000000000000000100000001000000000000000100000000000000000000000000000000000000000000000000000000000000000000000000000000000000000000000100000001000000000000000000000
000000000000000000000000000000000000000000001000000000000000000000000000001000000000100000000000000000000000000000000000000000000000000000000000000000000000000000000000000000000000000000000000000000000000000000001000001000000000000000000000001000000000100000000000000000000000000000000000000000000000000000000000000000000000000000001000000000000000000000001000000000000000000000000000001000000000100000000000000000000000000000000000000000000000000000000000000000000000000000000000000000000000000000001000000000000000000000000000001000000000100000000000000000000000000000000000
000000000000000000000000000000000000000000000000000000000000000000000000001000000000000000100000000000000000000000000000000000000000000000100000000000000000000000100000000000000000000000000000000000000000000000000000000000000000000000000000001000000000000000100000000000000000000000100000000000000000000000100000000000000000000000000000000000000000000000000000000000000000000000100000001000000000000000100000000000000000000000000000000000000000000000100000000000000000000000000000000000000000000000000000000000000000000000100000001000000000000000100000000000000000000000000000
000000000000000000000000000000000000000000000000000000000000000000000000000000000000000000000000000000000000000001000000000001100000000000000000000001100000000000000000000000000000000000000000000000000000000000000000000000000000000000000000000000000000000000000000000000000000000001000000000001100000000000000000000000000000000000000000000000000000000000000000000000000000000000000000000000000000000001000000000001000000000001000000000001100000000000000000000000000000000000000000000000000000000000000000000000000000000000000000000000000000000000000000000001000000000001000000
000000001000000000000000001000000000000000000000000000000000000000000000000000000000000000000000000000000000000000000000000000000100000000000000000000001100000000000000000000001000000000000000001000000000000000000000000000000000000000000000000000000000000000000000000000000000000000000000000000000100000000000000000000001000000000000000001000000000000000000000000000000000000000000000000000000000000000000000000000000100000000000000000000000100000000000000000000001000000000000000001000000000000000000000000000000000000000000000000000000000000000000000000000000100000000000000
000000000000000000100000000000000000000000000000000000000000000000000000001000000000000000000000001000000000000000000000000000001000000000000000000000001000000000100000000000000000000000100000000000000000000000000000000000000000000000000000001000000000000000000000001000000000000000000000000000001000000000000000000000000000000000100000000000000000000000000000000000000000000000000000000000000000000000000000001000001000000000000000000000001000000000000000000000000000000000100000000000000000000000000000000000000000000000000000001000000000000000000000001000001000000000000000
000000000000000000000000000000000000000000000000000000000000000000000000000000000000000000000000000000000000100000100000000000000000100000000000000000000000100000000000000000000000000000000000000000000000000000000000000000000000000000000000000000000000000000000000000000000000000000100000000000000000100000000000000000000000000000000000000000000000000000000000000000000000000000000000000000000000100000100000000000000000100000100000000000000000100000000000000000000000000000000000000000000000000000000000000000000000000000000000000000000000000000100000000000000000100000100000
000000001000000100000000000000000000000000000000000000000000000001000000000000000001000000000000000000000000000000000000000000000000000000000000000000000000000100000000000000001000000100000000000000000000000000000000000000000000000001000000000000000001000000000000000000000000000000000000000000001000000000000000000000001000000100000000000000000000000001000000000000000000000001000000000000000001000000000000000000000000000000000000000000000000000000000000000000001000000100000000000000000000000001000000000000000000000001000000000000000001000000000000000000000000000000000000
000000000100000000000000000000000000000000000000000001000000000000100000000000000000000000000000000000000000000001000000000000000000000000000000000000000000000000000000000000000100000000000000000000000000000000100000000001000000000000100000000000000000000000000000000000000000000001000000000000000100000000000000000000000100000000000000000001000000000000000000000001000000000000100000000000000000000000000000000000000000000001000000000000000100000000000000000000000100000000000000000000000000000000000000000001000000000000100000000000000000000000000000000000000000000001000000
000000000000000000000101000000000000000000000000000000000000000000000000000000000000000000000000000001000000000000000000000000100000000000000000000000100000000000000100000000000000000000000101000000000000000000000000000000000000000000000000000000000000000000000000000001000000000000000000000000100000000000000001000000000000000000000101000000000000000000000000000000000000000000000000000001000000000000000000000001000000000000000000000000100000000000000000000000000000000000000101000000000000000000000000000000000000000000000000000001000000000000000000000001000000000000000000
000000100000000000000000000000000000001000000000000000000000000000000000000000000000000000000001000000000000000000000000000000000001000000000000000000000001000000000000000000100000000000000000000000000000001000000000000000000000000000000001000000000000000000000001000000000000000000000000000000100001000000000000000000100000000000000000000000000000001000000000000000000000000000000000000000000000000000000001000000000001000000000000000000100001000000000000000000100000000000000000000000000000001000000000000000000000000000000000000000000000000000000001000000000000000000000000
000000000000000100000000000000000000000000000000000000000001000000000000000000000000000000000000000000000000000000000000000100000000000001000000000100000000000001000000000000000000000100000000000000000000000000000000000000000001000000000000000000000000000000000000000000000000000001000000000100000000000101000000000000000000000100000000000000000001000000000000000000000001000000000000000000000000000000000000000000000000000000000000000100000000000001000000000000000000000100000000000000000001000000000000000000000001000000000000000000000000000000000000000000000000000000000000
100000000000000000000000000100000000100000000000000000000000000000000000000000000000000000000000000100000000000000000000000000000000000000000000100000000000000000000000100000000000000000000000000100000000100000000000000000000000000000000000000000000000000000000000000100000000000000000000000000000000000000000000100100000000000000000000000100000000100000000000000000000000000000000000000100000000000000000000000100000000000000000000000000000000000000000000100000000000000000000000000100000000100000000000000000000000000000000000000100000000000000000000000100000000000000000000
100000000000000000100000000000000000000000000000000000100000000000000000000000000000000000100000000000000000000000000000000000000000000000000000000000000000000000000000100000000000000000100000000000000000000000000000000000100000000000100000000000000000000000100000000000000000000000000000000000000000000000100000100000000000000000100000000000100000000000000000000000100000000000000000000000000000000000100000000000000000000000000000000000000000000000100000100000000000000000100000000000000000000000000000000000100000000000000000000000000000000000100000000000000000000000000000
000000100000100000000000000000000000000000000000000000000000000000000000000000100000000000000000000000000000000000100000000000000000000000000000000000000000000000000000000000100000100000000000000000000000000000000000000000000000000000000000000000100000000000100000000000000000000000100000000000100000100000000000000000100000100000000000000000000000000000000000000000000000000000000000000000100000000000000000000000000000000000100000000000100000000000000000000000100000100000000000000000000000000000000000000000000000000000000000000000100000000000000000000000000000000000100000
000000000000000000000000000000000000000000001000000000000000000000000001000000000000000000000000000000000000000000000000000000001000000000100000000000001000000000100000000000000000000000000000000000000000000000001000000000000000000000000001000000000000000000000000000000000000000000100000000000001000000000100000000000000000000000001000000000000000000000001000000000000000000000000001000000000000000000000000000000001000000000000000000000001000000000100000000000000000000000000000000000000000000000001000000000000000000000000001000000000000000000000000000000001000000000000000
100000000000000000000000000001000000000000000100000000000000000000000000000000000000000000000000000000000000000000000000001000000000000000000000001000000000000000000000100001000000000000000000000001000000000000000100000000000000000000000000000000000000000000000000000000000000000000000000001000000000000000000000100000000000000000000100000001000000000000000100000000000000000000000000000000000000000000000000001000000000000000000000001000000000000000000000100000000000000000000100000001000000000000000100000000000000000000000000000000000000000000000000000000000000000000000000
