000000000000010001000000000001000000000000000100000001000000000000000100000000000000010001000100000001000000000001000100000000000000010001000100000001000000010001000100000000000000010001000100000001000000000000000100000000000000010001000000000001000000000000000100000000000000010001000000
010000000000000001100000000001000000000000000000000001000000000000000000010001000000000001100000010001000000000000000000010001000000000001100000010001000000000000000000010001000000000001100000000001000000000001000000010000000000000001100000000001000000000001000000010000000000000001100000
000000000000000000000100000000000100000100000001000000000100000100000001000000000000000000000101000000000100000100000001000000000000000100000101000000000100000100000101000000000000000100000101000000000100000100000001000000000100000000000100000000000100000100000001000000000100000000000100
001010100000000100000000000000000000000000000000001000000000000000000000001010100000000100000000001000100000000000000000001010100000000100000000001000100000000000000000001010100000000100000000000010000000000000000000001010100000000100000000000010000000000000000000001010100000000100000000
000000000000000000000000000000001000001000101000000000001000001000101000000000000000000000000000000000001000001000101000000000000000000000000000000000001000001000101000000000000000000000100000000000001000001000101000000000001000001000000000000000001000001000101000000000000000001000000000
001000000000100100000010000000000000000000000000000000000000000000000000001000000000100100000010001000000000000000000000001000000000100100000010001000000000000100000000001000000000100100000010000000000000000000000010001000000000100100000010000000000000000000000000001000000000100100000010
000000000100000000000100011000000000000000000000011000000000000000000000000000000100000000000100011000000100000000000000000000000100000000000100011000000100000000000000001000000100000000000100011000000000000000000100000000000100000000000100011000000000000000000000000000000100000000000100
000000001100000010000000000000000100000000000000000000000100000000000000000000001000000010000000000000000100000000000000000000001000000010000000000000000000000000000000000000001000000010000000000000001100000000000000000000001100000010000000000000000100000000000000000000001100000010000000
010000000000010000000000000000000000000001000100000000000000010001000100010000000000010000000000000000000000010001000100010000000000010001000000000000000000010001000100010000000000010001000000010000000000000001000100010000000000010000000100000000000000000001000100010000000000010000000100
000000000100000000000000000011000000010000000000000011000000010000000000000000000100000000000000000011000000010000000000000000000100000000000000000011000100010000000000000000000100000000000000000011000000010000000000000010000100010000000000000011000000010000000000000010000100000000000000
000001000000000000101000000000000000000000000100000001000000000000000100000001000000000000101000000001000000000000000100000001000000000000101000000001000000000000000100000001000000000000101000000000000000000000001100000001000000000000101100000000000000000000001100000001000000000000101000
001000000000000000000001000100000000000010000000000100000000000010000000001000000000000000000001001100000000000010000000001000000000000000000001001100000000000010000000001000000000000000000001000100000000000010000001001000000000000010000001000100000000000010000000001000000000000010000001
000000000000010000000000000000100000100000010000000000100000100000010000000000100000010000000000000000100000100000010000000000100000010000000000000000100000100000010000000000100000010000010000000000100000110000010000000000000000110000000000000000100000110000010000000000000000010000000000
000100000000000000000010001001000000000000000000001001000000000000000000000101000000000000000010001001000000000000000000001101000000000000000010001001000000000000000000001101000000000000000010001101000000000000000010000100000000000000000010001001000000000000000010000100000000000000000010
000000000000000000000000001000000000110000000010001000000000110000000010000000000000000000000010001000000000110000000010000000000000100000000010001000000000110000000010000000000000110000000010001000000000110000000010001000000000000000000000001000000000110000000010000000000000000000000000
000000000000000000000100000000001000001000010000000000001000001000010000000000000000000000010100000000001000001000010000000000001000000000010100000000001000001000010100000000001000000000010100000000001000001000010000000000000000001000000100000000001000001000010000000000000000000000000100
010000000000010000000000000000000101000000000000000000000101000000000000010000000000010000000000000000000101000000000000010000000100010000000000000000000101010000000000010000000100010000000000000000000101000000000000010000000001010000000000000000000101000000000000010000000001010000000000
000000010000000000000000010000001001000000000000010000001001000000000000010000010000000000000000010000001001000000000000010000010000000000000000010000011001000000000000010000010000000000000000010000001001000000000000000000010001000000000000010000001001000000000000000000010001000000000000
