000000000000000000000000010000000010000000000000000000000010000000000000000000000000000000100000000000000010000000000000000000000000000000100000000000000000000000000000010000000010000000100000000000000010000000000000000000000010000000100000000000000000000000000000010000000010000000100000000000000010000000000000010000000010000000100000000000000000000000000000010000000010000000100000000000000010000000000000000000000000000000100000000000000000000000000000010000000010000000000000000000000010000000000000000000000000000000100000000000000000000000000000010000000010000000000000
001000000000000000000000000000000101000000000000000000000010000000000000000000000000000000000000000000000010000000000000000000000000000000000000001000000010000000000000000000000101000000000000001000000010000000000000000000000000000000000000001000000010000000000000000000000101000000000000001000000010000000000000000000000000000000000000001000000010000000000000000000000101000000000000000000000010000000000000000000000100000000000000001000000000000000000000000000000101000000000000000000000010000000000000000000000100000000000000001000000000000000000000000000000101000000000000
000000000000000000000000000000000000000001000000000000000000000001000000000001000000000000000100000000000000000001000000000001000000000000000100000000000000000000000000000000000000000001000100000000000000000001000000000001000000000000000100000000000000000000000000000001000000000001000100000000000000000001000000000001000000000001000100000000000000000000000000000001000000000001000100000000000000000001000000000001000000000000000100000000000000000001000000000000000000000001000000000000000000000001000000000001000000000000000100000000000000000001000000000000000000000001000000
000100001000100000000000000000100000000000000000000000000000000000000000000000000000000000000000000100000000000000000000000000000000000000000000000100001000100000000000000000100000000000000000000100000000100000000000000000000000000000000000000100001000100000000000000000100000000000000000000100000000100000000000000000000000000000000000000100001000100000000000000000100000000000000000000000001000000000000000000000000000000000000000000100001000100000000000000000100000000000000000000000001000000000000000000000000000000000000000000100001000100000000000000000100000000000000000
000000000000000000000000000000000000000000000000000000000000000010000000000010000000100100000000000000000000000010000000000010000000100100000000000000000000000000000000000000000000000000000000000000000000000010000000000010000000100100000000000000000000000000000000000000000000000000000000000000000000000010000000000010000000100100000000000000000000000000000000000000000000100000000000000000000000000010000000000010000000100100000000000000000000000010000000000010000000000000000000000000000000000010000000000010000000100100000000000000000000000000000000000010000000000000000000
000010000000000000000001000000100000000000001000000000000000000000000000000000000000000000000000000000000000000000000000000000000000000000000000000010000000000000000001000000100000000000001000000010000000000000000000000000000000000000000000000010000000000000000001000000100000000000001000000010000000000000000000000000100000000000000000000010000000000000000001000000100000000000001000000000000000000000000000000000000000000000001000000010000000000000000001000000100000000000001000000000000000000000000000000000000000000000000000000010000000000000000001000000100000000000001000
000000000000000000100000000000000000000001000000010100000000000000000000000000000000000000000000010100000000000000000000000000000000000000000000000000000000000000100000000000000000000001000000010100000000000000100000000000000000000000000000000000000000000000100000000000000000000001000000010100000000000000100000000000000000000000000000000100000000000000100000000000000000000001000000010100000000000000000000000000000000000001000000000000000000000000100000000000000000000001000000010100000000000000000000000000000000000000000000000000000000000000100000000000000000000001000000
000000000000000011000000000000001000000000000000000000000000000000100000000000000000000000000000000000000000000000100000000000000000000000000000000000000000000011100000000000001000000000000000000000000000000000100000000000000000000000000000000000000000000011100000000000001000000000000000000000000000000001100000000000000000000000000000000000000000000011100000000000001000000000000000000000000000000010100000000000000000000000000000000000000000000011000000000000001000000000000000000000000000000000100000000000000000000000000000000000000000000011000000000000001000000000000000
010000000000000000000000001000000000000000000000000000000000000000000000000000000100000000100000000000000000000000000000001000000100000000100000010000000000000000000000001000000000000000000000000000000000000000000000001000000100000000100000010000000000000000000000001000000100000000000000000000000000000000000000001000000100000000100000010000000000000000000000001000000100000000000000010000000000000000000000000000000100000000100000010000000000000000000000001000000000000000100000000000000000000000000000000000000100000000100000010000000000000000000000001000000000000000100000
000000000000000000100000000000000000000000000000000000001100000000000000001000000000000000000000000000001100000000000000001000000000000000000000000000000000000000100000000000000000000000000000000000001100000000000000001000000000000000000000000000000000000000100000000000000000000000000000000000001100000000100000001000000000000000000000000000000000000000100000000000000000000000000000000000001100000000000000001000000000000000000000000000001000000000100000001000000000000000000000000000001100000000000000001000000000000000000000000000001000000000100000000000000000000000000000
000000000010000000000000000000000001000010000000000000000000000000000000000000000000000000100000000000000010000000000000000000000000000000100000000000000010000000000000000000000001000010000000000000000010000000000000000000000000000000100000000000000010000000000000000000000001000010000000000000000010000000000000000000000000000000100000000000000010000000000000000000000001000010000000000000000000000000000000000000000000000010100000000000000010000000000000000000000001000010100000000000000000000000000000000000000000000010100000000000000010000000000000000000000001000010000000
000010000000000000000000000000000000000000000100000001000000000000000000000000001000000000000000000001000000000000000000000000001000000000000000000010000000000000000000000000000000000000000100000011000000000000000000000000001000000000000000000010000000000000000000000000000000000000000100000011000000000000000000000000001000000000000000000010000000000000000000000000000000000000000100000001000000000000000000000000001000000000000100000010000000000000000000000000001000000000000100000001000000000000000000000000001000000000000000000010000000000000000000000000001000000000000100
000000000000000000000000010000000000000000000000000000000001000000000000100000000000001000000000000000000001000000000000100000000000001000000000000000000001000000000000010000000000000000000000000000000001000000000000100000000000001000000000000000000001000000000000010000000000000000000000000000000001000000000000100000000000001000000000000000000001000000000000010000000000001000000000000000000001000000000000110000000000001000000000000000000000000000000000110000000000000000000000000000000001000000000000110000000000001000000000000000000000000000000000010000000000000000000000
000000100000000000000000000000000000000000010000000100000010000000000000000000000000000000000000000100000010000000000000000000000000000000000000000000100010000000000000000000000000000000010000000100000010000000000000000000000000000000000000000100100010000000000000000000000000000000010000000100000010000000000000000000000000000000000000000100100010000000000000000000000000000000010000000100100010000000000000000000000000000000010000000000100000000000000000000000000000000000010000000100000010000000000000000000000000000000010000000000100000000000000000000000000000000000010000
000000000000000000000000000000000000000000000000000010000000000000000000101000000000000000001000000010000000000000000000101000000000000000001000000000000000000000000000000000000000000000001000000010000000000000000000101000000000000000001000000000000000000000000000100000000000000000001000000010000000000000000000101000000000000000001000000000000000000000000000101000000000000000001000000010000000000000000000101000000000000000001000000010000000000000000000000000000000000000000000000010000000000000000000101000000000000000001000000000000000000000000000000000000000000000000000
000000000000000000000000000000000000000001000000000000000000000010000000000010000000010000000000000000000000000010000000000010000000010000000000000000000000000000000000000000000000010001000000000000000000000010000000000010000000010000000000000000000000000010000000000000000000010001000000000000000000000010000000000010000000010001000000000000000000000010000000000000000000010001000000000000000000000010000000000010000000010000000000000000000000000000000000000010000000000001000000000000000000000010000000000010000000010000000000000000000000000000000000000000000000000001000000
010000000000000000000000001000000000000000000000000000000000000000100100000000000000000000000000000000000000000000100100000000000000000000000000010000000000000000000000001000000000000000000000000000000000000000100100000000000000000000000000010000000000000000100000001000000000000000000000000000000000000000100100001000000000000000000000010000000000000000100000001000000000000000000000000000000000000000100100000000000000000000000000010000000000000000000100001000000000000000000000000000000000000000100100000000000000000000000000010000000000000000000100001000000000000000000000
000000000000001000000000000000000000000000000000001000000000000010000010000000000000000000000000001000000000000010000010000000000000000000000000001000000000001000000000000000000000000000000000001000000000000010000010000000000000000000000000001000000000001000000000000000000000000000000000001000000000001010000010000000000000000000000000001000000000001000000000000000000000000000000000001000000000000010000010000000000000000000000000000000000000001000000010000000000000000000000000001000000000000010000010000000000000000000000000000000000000001000000010000000000000000000000000
