000000000000100000100000000010000000000000100000100000000010000000000000001000001000000000100000000000000010000010000000001000000000000000101000100000000010000000000000001010001000000000100000000000000010000010100000001010000000000000100000101000000010100000000000001000001010000000101000000000000010000010100000001000000000000000100000101000000010000000000000001000001010000000100000
010000000000000000000001000001000100000000000000000001000001000101000000000000000000010100010001010000000000000000000101000100010100000000000000000001010001000101000000000000000000010100010001000000000000000000000100000101010000000000000000000001000001010100000000000000000000010000010001000000000000000000000100000100010000000000000000000001000001000100000000000000000000010000010001
010000000000000001010000000000100000000010000001010000000000100100000000100000010100000000001001000000001000000101000000000010010000000010000001000000000000100100000000100000010001000000001001010000001000000101000000000010110000000010000001010000000000101100000000000000010100000000001011000000000000000101000000000010110000000000000001010000000000101100000000000000010100000000001001
000000000001000100000000100000000000000001000100000000100000000000000000010001000000001000000000000000000100010000000010100000000000000001000100000000101000000000000000010001000000001010000000000000000101010100000010000000000000000001010100000000100000000000000000010101000000001000000000000000000101010000000010000000000000000001010100000000100000000000000000010001000000001000000000
000001000000000001000000010000000001000000000001000000010000000000010000000000010000000100000000000100000000000100000001010000000001000000000001000000010100000000010000000000010000000101000000000101000000000100000001000000000001010000000001000000010000000000010100000000010000000100000000000100000000000100000001000000000001000000000001000000010000000000010000000000010000000100000000
010001000010000000010000110000000001000010000000010000110000000100010000100000000100001101000001000101001000000001000011010000010001010010000000010000110100000100010100100000000100001101000001010100001010000001000011100000010101000010100000010000111000000101010000101000000100001110000001010100001010000001000011000000010001000010100000010000110000000100010000101000000100001100000001
100010100000000000000000000000000010100000000000000000000000001000101010000000000000000000000010001010100000000000000000000000100010101000000000000000000000001000100010000000000000000000000010101010000000000000000000000000101010100000000000000000000000001000101000000000000000000000000010001010000000000000000000000000100010100000000000000000000000001000101000000000000000000000000010
000001000000010000110100000001000001000000010000110100000001000000010000000100001101000000010100000100000001000011010100000101000001000000010000110101000001010000010000000100001101010000010100000100000001010011100000000100000001000000010100111000000001000000010000000101001110000000010000000100000001010011000000000100000001000000010000110000000001000000010000000100001100000000010000
000000000001001000010000000000000000000001001010010000000000000000000000010010100100000000000000000000000100101001000000000000000000000001011010010000000000000000000000010110100100000000000000000000000100100001010000000000000000000001001000010100000000000000000000010010000101000000000000000000000100100001010000000000000000000001001000010100000000000000000000010010000100000000000000
000001000000000011010000100010000001010000000011010000100010000000010100000000110100001000100000000101000000001101000010001000000001010000000011010000101010000000010100000000110101001010100000000100000000001110000010001010000001000000000011100000100010000000010000000000111100001000100000000100000000001111000010001000000001000000000011110000100010000000010000000000110100001000100000
000000001100000000000000001000000000001100000000000000001000000000000011000000000000000010000000000000110000000000000000100000000000001100000000000000001000000000000011100000000000000010000000000000110100000000000000101000000000001101000000000000001000000000000011010000000000000010000000000000110100000000000000100000000000001100000000000000001000000000000011000000000000000010000000
100000101000000100000000100010000000101000000100000000100010001000001010000001000000001000101010100010100000010000000010001010101000101000000100000000100010101010001010000001000000001000101010000010101000010100000010101000100000101010000101000000101010001000001010100001010000001010100010000010101000010000000010101000100000101000000100000000101010001000001010000001000000001010100010
