000000000100100000001000000000100000100000000010000000000100101000001000000010100000000001001010000010000100101000000000010010100000100000000010000000000100100000001000000000100000000001001000
010000000001100000001000000000000000100000000000010010000001100001001000000000000100100000011000010010000000000001001000000110000000100000010000010000000001100000001000000100000100000000011000
000000000000001000000010001000010000001000100001000000000000001100000010001000010000000000100011000000100010001100000000001000110000001000100001000000100000001000000010001000010000001000000010
010110000010000000000000000000000100000000000000010110000010000001001000000000000101100000100000010010000000000001011000001000000001000000000000010110000010000000010000000000000101100000100000
000000000000000000000010001011000000001000101100000000000000000000000010001011000000000000000000000000100010110000000000000010000000001000101100000000100010000000000010001011000000000000100000
001000001010000100000000000000000000000000000000001000001010000100100000000000000010000010100001001000000010000000100000101000010000000000000001001000001010000100000000000000000010000010100001
000000100000001000000000000000000000000000000000000000100000001000000010000000000000001000000010000000100000000001000010000000100000000000000010000000100000001000000000000000000000001000000010
000000000001000000000010000000000000001000000000000000100001000000000010000000000000001000010000000000000000000000000010000100000000000000000000000000000001000000000010000000000000000000010000
010000000100000000000000000100100000000001010010010000000100000000000000010100100100000001010000000000000101001001000000010100000100000000010010010000000100001000000000000100100100000001000010
000000100000000000000000010000000000000001000000000000100000000000000000010000000000001000000000000000100100000000000010000000000000000001000000000100100100000000000000010000000001001000000000
000010000000101000000000000000100000100000000010000010000000101000001000000000100000100000001010000010000000001000001000000010100000000000000000000010000000100000000000000000000000100000001010
001000000000000100100000000100000010000000010000001000000000000100000000000100000010000000000001000000000001000000100000000000010010000000010001001000000001000100100000000100000010000000010001
000000000100000000001000100001000000100010000100000010000100000000001000100001000000100001000000000010001000010000001000010001000000100011000100000000001100000000001000110001000000000001000000
001000000000000101001000000000000100100000000000001010000000000101001000000000000110100000000001010010000000000001101000000000010110100000000001001000000000000101001000000000010010000000000001
000000000000000000100000110000010010000011000001000000000000000100100000110000010000000010000001001000001100000100000000110000010010000011000001001000000000000000100000110000010000000000000000
000000000000001000000010001001000000001000100100000000000000011000000010001001000000001000000110000000100010011000000010000001100000001000100100000000000010001000000010001001000000000000000010
010000000100000000000011000000000000001100000000010000000100000000000011000000000100001001000000000000110100000001000010010000000000001100000000010000010100000000000011000000000100000101000000
000001000000000001000010100000000100001010000000010001000000000001000010100000000100010000000000010001101000000001000100000000000100001010000000000001001000000001000010100000000000010010000000
