00000000000000000000000000000000000000000100000000010000000000100000000000000000000000000000000000000000010000000001000000000000000000000000000000000000000000000000000001000000000100000000000000000000000000000000000000000000000000000100000000010000000000000000000000000000000000000000000000000000010000000001000000000000000000000000000000000000000000000000000000000000000100000000001000000000000000000000000000000000000000000000000000010000000000100000000000000000000000000000000000000000010000000001000000000010
10000000000000000000000000000000000000000000000010000000000010000000000000000000000000000000000000000000000000001000000000001000000000000000000000000000000000000000000000000000100000000000100000000000000000000000000000000000000000000000000010000000000010000000000000000000000000000000000000000000000000001000000000001000100000000000000000000000000000000000000000000000000000000000000010000000000000000000000000000000000000000000000000000000000000001000000000000000000000000000000000000000000000001000000000000000
10000000000000000000000000000000000000000000000000001000101000001000000000000000000000000000000000000000000000000000100010100000000000000000000000000000000000000000000000000000000010001010000000000000000000000000000000000000000000000000000000001000001000000000000000000000000000000000000000000000000000000000000000100000100000000000000000000000000000000000000000000000000010001000100010000000000000000000000000000000000000000000000000001000101010001000000000000000000000000000000000000000000000000000100010101000
00000000000000000000000000000000000000001000000010000000000000010000000000000000000000000000000000000000100000001000000000000001000000000000000000000000000000000000000010000000100000000000000100000000000000000000000000000000000000001000000010000000000000000000000000000000000000000000000000000000100000000000000000000000000000000000000000000000000000000000000000000000100000000000000100000000000000000000000000000000000000000000000010000000000000010000000000000000000000000000000000000000100000001000000000000001
00000000000000000000000000000000000000001000001000000000000000010000000000000000000000000000000000000000100000100000000000000000000000000000000000000000000000000000000000000010000000000000000000000000000000000000000000000000000000000000001000000000000000000000000000000000000000000000000000000000000000100000000000000000000000000000000000000000000000000000000010000000000000000000000100000000000000000000000000000000000000001000001000000000000000010000000000000000000000000000000000000000100000100000000000000001
10000000000000000000000000000000000000000000000000110010001000100000000000000000000000000000000000000000000000000011001000100010000000000000000000000000000000000000000000000000001100100010001000000000000000000000000000000000000000000000000000110000001000100000000000000000000000000000000000000000000000000011000000100000100000000000000000000000000000000000000000000000000000100010001010000000000000000000000000000000000000000000000000010010001000101000000000000000000000000000000000000000000000000011001000100010
10000000000000000000000000000000000000000000010000000000000000101000000000000000000000000000000000000000000001000000000000000010100000000000000000000000000000000000000000000100000000000000001010000000000000000000000000000000000000000000010000000000000000100000000000000000000000000000000000000000000001000000000000000010100000000000000000000000000000000000000000000100000000000000000010000000000000000000000000000000000000000000010000000000000000001000000000000000000000000000000000000000000001000000000000000000
00000000000000000000000000000000000000100010000000000000000000100000000000000000000000000000000000000010001000000000000000000000000000000000000000000000000000000000001000000000000000000000000000000000000000000000000000000000000000000000000000000000000000000000000000000000000000000000000000000000000000000000000000000000000000000000000000000000000000000000001000100000000000000000001000000000000000000000000000000000000000100010000000000000000000100000000000000000000000000000000000000010001000000000000000000010
00000000000000000000000000000000000000000000000000000001001101000000000000000000000000000000000000000000000000000000000100111100000000000000000000000000000000000000000000000000000000010001110000000000000000000000000000000000000000000000000000000001000111000000000000000000000000000000000000000000000000000000000100010100000000000000000000000000000000000000000000000000000000000010000000000000000000000000000000000000000000000000000000000000001100000000000000000000000000000000000000000000000000000000000000110100
00000000000000000000000000000000000000000000101000000000000000100000000000000000000000000000000000000000000010100000000000000010000000000000000000000000000000000000000000001010000000000000001000000000000000000000000000000000000000000000101000000000000000000000000000000000000000000000000000000000000010100000000000000000000000000000000000000000000000000000000000000010000000000000001000000000000000000000000000000000000000000000001000000000000000100000000000000000000000000000000000000000000000100000000000000010
10000000000000000000000000000000000000001000000000000100000000000000000000000000000000000000000000000000100000000000010000000000000000000000000000000000000000000000000010000000000001000000000000000000000000000000000000000000000000001000000000000100000000000000000000000000000000000000000000000000100000000000000000000000100000000000000000000000000000000000000000000000000001000000000010000000000000000000000000000000000000001000000000000100000000001000000000000000000000000000000000000000100000000000010000000000
00000000000000000000000000000000000000000000000000001011000000101000000000000000000000000000000000000000000000000000101100000010100000000000000000000000000000000000000000000000000000110000001010000000000000000000000000000000000000000000000000000001000000101000000000000000000000000000000000000000000000000000000100000010100000000000000000000000000000000000000000000000000010110000000010000000000000000000000000000000000000000000000000001011000000000000000000000000000000000000000000000000000000000000101100000000
00000000000000000000000000000000000000001000000000000000001000010000000000000000000000000000000000000000100000000000000000100001000000000000000000000000000000000000000010000000000000000010000000000000000000000000000000000000000000001000000000000000001000000000000000000000000000000000000000000000100000000000000000100000000000000000000000000000000000000000000000000000000000000000000100000000000000000000000000000000000000000000000000000000001000010000000000000000000000000000000000000000000000000000000000100001
00000000000000000000000000000000000000010000000000000000000000110000000000000000000000000000000000000001000000000000000000000011000000000000000000000000000000000000000100000000000000000000001100000000000000000000000000000000000000010000000000000000000000100000000000000000000000000000000000000001000000000000000000000010000000000000000000000000000000000000000100000000000000000000000100000000000000000000000000000000000000010000000000000000000000010000000000000000000000000000000000000001000000000000000000000011
00000000000000000000000000000000000000000000000000110001100100100000000000000000000000000000000000000000000000000011000110010010000000000000000000000000000000000000000000000000001100011001000000000000000000000000000000000000000000000000000000110001000100000000000000000000000000000000000000000000000000000011000100000000000000000000000000000000000000000000000000000000000000001001001000000000000000000000000000000000000000000000000000100000100100100000000000000000000000000000000000000000000000000011000010010010
10000000000000000000000000000000001000100000000000000000000000001000000000000000000000000000000000100010000000000000000000000000000000000000000000000000000000000010001000000000000000000000000000000000000000000000000000000000001000100000000000000000000000000000000000000000000000000000000000100000000000000000000000000000100000000000000000000000000000000000001000000000000000000000000010000000000000000000000000000000001000100000000000000000000000001000000000000000000000000000000000100010000000000000000000000000
