100000000000000110000000000000001000001000000000000001100000000000000010000000011000011000000000000000100000000010000110000000000000
010000000000000011000000000000000100000100000000000000110000000000000001000000001100001100000000000000010000000001000011000000000000
001000000000000001100000000000000010000010000000000000011000000000000000100000000110000110000000000000001000000000100001100000000000
000100000000000000110000000000000001000001000000000000001100000000000000010000000011000011000000000000000100000000010000110000000000
000010000000000000011000000000000000100000100000000000000110000000000000001000000001100001100000000000000010000000001000011000000000
000001000000000000001100000000000000010000010000000000000011000000000000000100000000110000110000000000000001000000000100001100000000
000000100000000000000110000000000000001000001000000000000001100000000000000010000000011000011000000000000000100000000010000110000000
000000001001011000101101010101001101111001001001110101010111101111001101011111001111111111001101110010111001111101000000000000110000
000000001110011100000001001010011010010011100100100111000000010010100100000000111001110100101101101001000000001110011100111000110000
000000000000000000000000000000000000000000000000000000000000000000000000000000000000000000000000000000000000000000000000000000000000
000000000000000000000000000000000000000000000000000000000000000000000000000000000000000000000000000000000000000000000000000000000000
000000000001000000000000001100001100000000010000010000000000000011000000000000000100000000110000110000000000000001000000000100000000
000000000000100000000000000110000110000000001000001000000000000001100000000000000010000000011000011000000000000000100000000010000000
000000000000000000000000000000000000000000000000000000000000000000000000000000000000000000000000000000000000000000000000000000000000
000000000000000000000000000000000000000000000000000000000000000000000000000000000000000000000000000000000000000000000000000000000000
000000000000000000000000000000000000000000000000000000000000000000000000000000000000000000000000000000000000000000000000000000000000
100000000000000010000000000000010000011000000000100000100000000010000110000000000000001000000001100001100000000000000010000000001000
110000000000000001000000000000000000001100000000010000010000000011000011000000000000000100000000010000110000000000000001000000000100
011000000000000000100000000000000000000110000000001000001000000001100001100000000000000010000000001000011000000000000000100000000010
001100000000000000010000000000000000000011000000000100000100000000110000110000000000000001000000000100001100000000000000010000000001
000110000000000000001000000000000000000001100000000010000010000000011000011000000000000000100000000010000110000000000000001000000000
000011000000000000000100000000000000000000110000000001000001000000001100001100000000000000010000000001000011000000000000000100000000
000001100000000000000010000000000000000000011000000000100000100000000110000110000000000000001000000000100001100000000000000010000000
000000110000000000000001000000000000000000001100000000010000010000000011000011000000000000000100000000010000110000000000000001000000
000000011000000000000000100000000000000000000110000000001000001000000001100001100000000000000010000000001000011000000000000000100000
000000001100000000000000010000000000000000000011000000000100000100000000110000110000000000000001000000000100001100000000000000010000
000000000110000000000000001000001000000000000001100000000010000010000000011000011000000000000000100000000010000110000000000000000000
000000000011000000000000000100000100000000000000110000000001000001000000001100001100000000000000010000000001000011000000000000000000
000000000001100000000000000010000010000000000000011000000000100000100000000110000110000000000000001000000000100001100000000000000000
000000000000110000000000000001000001000000000000001100000000010000010000000011000011000000000000000100000000010000110000000000000000
000000000000011000000000000000100000100000000000000110000000001000001000000001100001100000000000000010000000001000011000000000000000
000000000000001100000000000000010000010000000000000011000000000100000100000000110000110000000000000001000000000100001100000000000000
000001000000000000000000100000100000100000010000000000001000001000001100000100000000000000000010000010000001000000000000000000100000
000000100000000000000000010000010000010000001000000000000100000100000110000010000000000000000001000001000000100000000000000000010000
100000010000000000000000001000001000001000000100000000000010000010000011000001000000000000000000100000100000010000000000000000000000
010000001000000000000000000100000100000100000010000000000001000001000001100000100000000000000000010000010000001000000000000000000000
001000000100000000000000000010000010000010000001000000000000100000100000110000010000000000000000001000001000000100000000000000000000
000100000010000000000000000001000001000001000000100000000000010000010000011000001000000000000000000100000100000010000000000000000000
000010000001000000000000000000100000100000100000010000000000001000001000001100000100000000000000000010000010000001000000000000000000
000001000000100000000000000000010000010000010000001000000000000100000100000110000010000000000000000001000001000000100000000000000000
100000100000010000000000000000001000001000001000000100000000000000000010000011000001000000000000000000100000100000010000000000000000
010000010000001000000000000000000100000100000100000010000000000000000001000001100000100000000000000000010000010000001000000000000000
001000001000000100000000000000000010000010000010000001000000000000000000100000110000010000000000000000001000001000000100000000000000
000100000100000010000000000000000001000001000001000000100000000000000000010000011000001000000000000000000100000100000010000000000000
000010000010000001000000000000000000100000100000100000010000000000000000001000001100000100000000000000000010000010000001000000000000
000001000001000000100000000000000000010000010000010000001000000000000000000100000110000010000000000000000001000001000000100000000000
000000100000100000010000000000000000001000001000001000000100000000000000000010000011000001000000000000000000100000100000010000000000
000000010000010000001000000000000000000100000100000100000010000000000000000001000001100000100000000000000000010000010000001000000000
000000001000001000000100000000000000000010000010000010000001000000000000000000100000110000010000000000000000001000001000000100000000
000000000100000100000010000000000000000001000001000001000000100000000000000000010000011000001000000000000000000100000100000010000000
000000000010000010000001000000000000000000100000100000100000010000000000000000001000001100000100000000000000000010000010000001000000
000000000001000001000000100000000000000000010000010000010000001000000000000000000100000110000010000000000000000001000001000000100000
000000000000100000100000010000000000000000001000001000001000000100000000000000000010000011000001000000000000000000100000100000010000
000000000000010000010000001000001000000000000100000100000100000010000000000000000001000001100000100000000000000000010000010000000000
000000000000001000001000000100000100000000000010000010000010000001000000000000000000100000110000010000000000000000001000001000000000
000000000000000100000100000010000010000000000001000001000001000000100000000000000000010000011000001000000000000000000100000100000000
000000000000000010000010000001000001000000000000100000100000100000010000000000000000001000001100000100000000000000000010000010000000
000000000000000001000001000000100000100000000000010000010000010000001000000000000000000100000110000010000000000000000001000001000000
000000000000000000100000100000010000010000000000001000001000001000000100000000000000000010000011000001000000000000000000100000100000
100000000000000000010000010000000000001000000000000100000100000110000010000000000000000001000001000000100000000000000000010000010000
010000000000000000001000001000001000000100000000000010000010000011000001000000000000000000100000100000010000000000000000001000000000
001000000000000000000100000100000100000010000000000001000001000001100000100000000000000000010000010000001000000000000000000100000000
000100000000000000000010000010000010000001000000000000100000100000110000010000000000000000001000001000000100000000000000000010000000
000010000000000000000001000001000001000000100000000000010000010000011000001000000000000000000100000100000010000000000000000001000000
000001000000001010000000000000000000000000010010000010100000000000000100000100001000101000000000000000000001000010001010000000000000
000000100000000101000000000000000000000000001001000001010000000000000010000010000100010100000000000000000000100001000101000000000000
000000010000000010100000000000000000000000000100100000101000000000000001000001000010001010000000000000000000010000100010100000000000
000000001000000001010000000000000000000000000010010000010100000000000000100000100001000101000000000000000000001000010001010000000000
000000000100000000101000000000000000000000000001001000001010000000000000010000010000100010100000000000000000000100001000101000000000
000000000010000000010100000000000000000000000000100100000101000000000000001000001000010001010000000000000000000010000100010100000000
000000000001000000001010000000000000000000000000010010000010100000000000000100000100001000101000000000000000000001000010001010000000
000000000000100000000101000000000000000000000000001001000001010000000000000010000010000100010100000000000000000000100001000101000000
000000000000010000000010100000000000000000000000000100100000101000000000000001000001000010001010000000000000000000010000100010100000
000000000000001000000001010000000000000000000000000010010000010100000000000000100000100001000101000000000000000000001000010001010000
000000000000000100000000101000001000000000000000000001001000001010000000000000010000010000100010100000000000000000000100001000100000
000000000000000010000000010100000100000000000000000000100100000101000000000000001000001000010001010000000000000000000010000100010000
000000000000000001000000001010001010000000000000000000010010000010100000000000000100000100001000101000000000000000000001000010000000
000000000000000000100000000101000101000000000000000000001001000001010000000000000010000010000100010100000000000000000000100001000000
000000000000000000010000000010100010100000000000000000000100100000101000000000000001000001000010001010000000000000000000010000100000
000000000000000000001000000001010001010000000000000000000010010000010100000000000000100000100001000101000000000000000000001000010000
100000000000000000000100000000100000101000000000000000000001001010001010000000000000010000010000100010100000000000000000000100001000
010000000000000000000010000000010000010100000000000000000000100101000101000000000000001000001000010001010000000000000000000010000100
101000000000000000000001000000001000001010000000000000000000010000100010100000000000000100000100001000101000000000000000000001000010
010100000000000000000000100000000100000101000000000000000000001000010001010000000000000010000010000100010100000000000000000000100001
001010000000000000000000010000000010000010100000000000000000000100001000101000000000000001000001000010001010000000000000000000010000
000101000000000000000000001000001001000001010000000000000000000010000100010100000000000000100000100001000101000000000000000000000000
000010100000000000000000000100000100100000101000000000000000000001000010001010000000000000010000010000100010100000000000000000000000
000001010000000000000000000010000010010000010100000000000000000000100001000101000000000000001000001000010001010000000000000000000000
000000101000000000000000000001000001001000001010000000000000000000010000100010100000000000000100000100001000101000000000000000000000
000000010100000000000000000000100000100100000101000000000000000000001000010001010000000000000010000010000100010100000000000000000000
000000001010000000000000000000010000010010000010100000000000000000000100001000101000000000000001000001000010001010000000000000000000
100000000101000000000000000000000000001001000001010000000000000010000010000100010100000000000000000000100001000101000000000000000000
010000000010100000000000000000000000000100100000101000000000000001000001000010001010000000000000000000010000100010100000000000000000
001000000001010000000000000000000000000010010000010100000000000000100000100001000101000000000000000000001000010001010000000000000000
000100000000101000000000000000000000000001001000001010000000000000010000010000100010100000000000000000000100001000101000000000000000
000010000000010100000000000000000000000000100100000101000000000000001000001000010001010000000000000000000010000100010100000000000000
000000000000000000001000000100010100010000000000000000000010000001000100000000000000000000110001010001000000000000000000001100000000
100000000000000000000100000010000010001000000000000000000001000010100010000000000000000000011000001000100000000000000000000110000000
010000000000000000000010000001000001000100000000000000000000100001010001000000000000000000001100000100010000000000000000000011000000
001000000000000000000001000000100000100010000000000000000000010000101000100000000000000000000110000010001000000000000000000001100000
000100000000000000000000100000010000010001000000000000000000001000010100010000000000000000000011000001000100000000000000000000110000
100010000000000000000000010000000000001000100000000000000000000110001010001000000000000000000001100000100010000000000000000000011000
010001000000000000000000001000001000000100010000000000000000000011000101000100000000000000000000110000010001000000000000000000000100
001000100000000000000000000100000100000010001000000000000000000001100010100010000000000000000000011000001000100000000000000000000010
000100010000000000000000000010000010000001000100000000000000000000110001010001000000000000000000001100000100010000000000000000000001
000010001000000000000000000001000001000000100010000000000000000000011000101000100000000000000000000110000010001000000000000000000000
000001000100000000000000000000100000100000010001000000000000000000001100010100010000000000000000000011000001000100000000000000000000
000000100010000000000000000000010000010000001000100000000000000000000110001010001000000000000000000001100000100010000000000000000000
100000010001000000000000000000000000001000000100010000000000000000000011000101000100000000000000000000110000010001000000000000000000
010000001000100000000000000000000000000100000010001000000000000000000001100010100010000000000000000000011000001000100000000000000000
001000000100010000000000000000000000000010000001000100000000000000000000110001010001000000000000000000001100000100010000000000000000
000100000010001000000000000000000000000001000000100010000000000000000000011000101000100000000000000000000110000010001000000000000000
000010000001000100000000000000000000000000100000010001000000000000000000001100010100010000000000000000000011000001000100000000000000
000001000000100010000000000000000000000000010000001000100000000000000000000110001010001000000000000000000001100000100010000000000000
000000100000010001000000000000000000000000001000000100010000000000000000000011000101000100000000000000000000110000010001000000000000
000000010000001000100000000000000000000000000100000010001000000000000000000001100010100010000000000000000000011000001000100000000000
000000001000000100010000000000000000000000000010000001000100000000000000000000110001010001000000000000000000001100000100010000000000
000000000100000010001000000000000000000000000001000000100010000000000000000000011000101000100000000000000000000110000010001000000000
000000000010000001000100000000000000000000000000100000010001000000000000000000001100010100010000000000000000000011000001000100000000
000000000001000000100010000000000000000000000000010000001000100000000000000000000110001010001000000000000000000001100000100010000000
000000000000100000010001000000000000000000000000001000000100010000000000000000000011000101000100000000000000000000110000010001000000
000000000000010000001000100000000000000000000000000100000010001000000000000000000001100010100010000000000000000000011000001000100000
000000000000001000000100010000000000000000000000000010000001000100000000000000000000110001010001000000000000000000001100000100010000
000000000000000100000010001000001000000000000000000001000000100010000000000000000000011000101000100000000000000000000110000010000000
000000000000000010000001000100000100000000000000000000100000010001000000000000000000001100010100010000000000000000000011000001000000
000000000000000001000000100010000010000000000000000000010000001000100000000000000000000110001010001000000000000000000001100000100000
000000000000000000100000010001000001000000000000000000001000000100010000000000000000000011000101000100000000000000000000110000010000
000000000000000000010000001000101000100000000000000000000100000010001000000000000000000001100010100010000000000000000000011000000000
000000000010000001010000000000000000000000000000110000010100000000000000001000001000000101000000000000000000000010000001010000000000
000000000001000000101000000000000000000000000000011000001010000000000000000100000100000010100000000000000000000001000000101000000000
000000000000100000010100000000000000000000000000001100000101000000000000000010000010000001010000000000000000000000100000010100000000
000000000000010000001010000000000000000000000000000110000010100000000000000001000001000000101000000000000000000000010000001010000000
000000000000001000000101000000000000000000000000000011000001010000000000000000100000100000010100000000000000000000001000000101000000
000000000000000100000010100000000000000000000000000001100000101000000000000000010000010000001010000000000000000000000100000010100000
000000000000000010000001010000000000000000000000000000110000010100000000000000001000001000000101000000000000000000000010000001010000
000000000000000001000000101000001000000000000000000000011000001010000000000000000100000100000010100000000000000000000001000000100000
000000000000000000100000010100000100000000000000000000001100000101000000000000000010000010000001010000000000000000000000100000010000
000000000000000000010000001010001010000000000000000000000110000010100000000000000001000001000000101000000000000000000000010000000000
000000000000000000001000000101000101000000000000000000000011000001010000000000000000100000100000010100000000000000000000001000000000
000000000000000000000100000010100010100000000000000000000001100000101000000000000000010000010000001010000000000000000000000100000000
000000000000000000000010000001010001010000000000000000000000110000010100000000000000001000001000000101000000000000000000000010000000
100000000000000000000001000000100000101000000000000000000000011000001010000000000000000100000100000010100000000000000000000001000000
010000000000000000000000100000010000010100000000000000000000001100000101000000000000000010000010000001010000000000000000000000100000
101000000000000000000000010000001000001010000000000000000000000100000010100000000000000001000001000000101000000000000000000000010000
010100000000000000000000001000001100000101000000000000000000000010000001010000000000000000100000100000010100000000000000000000000000
001010000000000000000000000100000110000010100000000000000000000001000000101000000000000000010000010000001010000000000000000000000000
000101000000000000000000000010000011000001010000000000000000000000100000010100000000000000001000001000000101000000000000000000000000
000010100000000000000000000001000001100000101000000000000000000000010000001010000000000000000100000100000010100000000000000000000000
000001010000000000000000000000100000110000010100000000000000000000001000000101000000000000000010000010000001010000000000000000000000
000000101000000000000000000000010000011000001010000000000000000000000100000010100000000000000001000001000000101000000000000000000000
100000010100000000000000000000000000001100000101000000000000000010000010000001010000000000000000000000100000010100000000000000000000
010000001010000000000000000000000000000110000010100000000000000001000001000000101000000000000000000000010000001010000000000000000000
001000000101000000000000000000000000000011000001010000000000000000100000100000010100000000000000000000001000000101000000000000000000
000100000010100000000000000000000000000001100000101000000000000000010000010000001010000000000000000000000100000010100000000000000000
000010000001010000000000000000000000000000110000010100000000000000001000001000000101000000000000000000000010000001010000000000000000
000001000000101000000000000000000000000000011000001010000000000000000100000100000010100000000000000000000001000000101000000000000000
000000100000010100000000000000000000000000001100000101000000000000000010000010000001010000000000000000000000100000010100000000000000
000000010000001010000000000000000000000000000110000010100000000000000001000001000000101000000000000000000000010000001010000000000000
000000001000000101000000000000000000000000000011000001010000000000000000100000100000010100000000000000000000001000000101000000000000
000000000100000010100000000000000000000000000001100000101000000000000000010000010000001010000000000000000000000100000010100000000000
000000000000000001001000000000010000010000000000000000010010000100000100000000000000100100100000000001000000000000001001001000000000
100000000000000000100100000000001000001000000000000000001001000000000010000000000000010010010000000000100000000000000100100100000000
010000000000000000010010000000000100000100000000000000000100100000000001000000000000001001001000000000010000000000000010010010000000
001000000000000000001001000000000010000010000000000000000010010000000000100000000000000100100100000000001000000000000001001001000000
000100000000000000000100100000000001000001000000000000000001001000000000010000000000000010010010000000000100000000000000100100100000
000010000000000000000010010000000000100000100000000000000000100100000000001000000000000001001001000000000010000000000000010010010000
000001000000000000000001001000001000010000010000000000000000010010000000000100000000000000100100100000000001000000000000001001000000
000000100000000000000000100100000100001000001000000000000000001001000000000010000000000000010010010000000000100000000000000100100000
000000010000000000000000010010000010000100000100000000000000000100100000000001000000000000001001001000000000010000000000000010010000
000000001000000000000000001001001001000010000010000000000000000010010000000000100000000000000100100100000000001000000000000001000000
000000000100000000000000000100100100100001000001000000000000000001001000000000010000000000000010010010000000000100000000000000100000
000000000010000000000000000010010010010000100000100000000000000000100100000000001000000000000001001001000000000010000000000000010000
100000000001000000000000000001000001001000010000010000000000000010010010000000000100000000000000100100100000000001000000000000001000
010000000000100000000000000000100000100100001000001000000000000001001001000000000010000000000000010010010000000000100000000000000100
001000000000010000000000000000010000010010000100000100000000000000100100100000000001000000000000001001001000000000010000000000000010
100100000000001000000000000000000000001001000010000010000000000000010010010000000000100000000000000100100100000000001000000000000001
010010000000000100000000000000000000000100100001000001000000000000001001001000000000010000000000000010010010000000000100000000000000
001001000000000010000000000000000000000010010000100000100000000000000100100100000000001000000000000001001001000000000010000000000000
000100100000000001000000000000000000000001001000010000010000000000000010010010000000000100000000000000100100100000000001000000000000
000010010000000000100000000000000000000000100100001000001000000000000001001001000000000010000000000000010010010000000000100000000000
000001001000000000010000000000000000000000010010000100000100000000000000100100100000000001000000000000001001001000000000010000000000
000000100100000000001000000000000000000000001001000010000010000000000000010010010000000000100000000000000100100100000000001000000000
000000010010000000000100000000000000000000000100100001000001000000000000001001001000000000010000000000000010010010000000000100000000
000000001001000000000010000000000000000000000010010000100000100000000000000100100100000000001000000000000001001001000000000010000000
000000000100100000000001000000000000000000000001001000010000010000000000000010010010000000000100000000000000100100100000000001000000
000000000010010000000000100000000000000000000000100100001000001000000000000001001001000000000010000000000000010010010000000000100000
000000000001001000000000010000000000000000000000010010000100000100000000000000100100100000000001000000000000001001001000000000010000
000000000000100100000000001000001000000000000000001001000010000010000000000000010010010000000000100000000000000100100100000000000000
000000000000010010000000000100000100000000000000000100100001000001000000000000001001001000000000010000000000000010010010000000000000
000000000000001001000000000010000010000000000000000010010000100000100000000000000100100100000000001000000000000001001001000000000000
000000000000000100100000000001000001000000000000000001001000010000010000000000000010010010000000000100000000000000100100100000000000
000000000000000010010000000000100000100000000000000000100100001000001000000000000001001001000000000010000000000000010010010000000000
000000000000000000000000010000000000000000000000000000000000000100000000000000000000000001001001000000000000000000000000000010010000
000000000000000000000000001000001000000000000000000000000000000010000000000000000000000000100100100000000000000000000000000001000000
000000000000000000000000000100000100000000000000000000000000000001000000000000000000000000010010010000000000000000000000000000100000
000000000000000000000000000010000010000000000000000000000000000000100000000000000000000000001001001000000000000000000000000000010000
000000000000000000000000000001000001000000000000000000000000000010010000000000000000000000000100100100000000000000000000000000001000
000000000000000000000000000000100000100000000000000000000000000001001000000000000000000000000010010010000000000000000000000000000100
000000000000000000000000000000010000010000000000000000000000000000100100000000000000000000000001001001000000000000000000000000000010
100000000000000000000000000000000000001000000000000000000000000010010010000000000000000000000000000100100000000000000000000000000001
010000000000000000000000000000000000000100000000000000000000000001001001000000000000000000000000000010010000000000000000000000000000
001000000000000000000000000000000000000010000000000000000000000000100100100000000000000000000000000001001000000000000000000000000000
000100000000000000000000000000000000000001000000000000000000000000010010010000000000000000000000000000100100000000000000000000000000
000010000000000000000000000000000000000000100000000000000000000000001001001000000000000000000000000000010010000000000000000000000000
000001000000000000000000000000000000000000010000000000000000000000000100100100000000000000000000000000001001000000000000000000000000
000000100000000000000000000000000000000000001000000000000000000000000010010010000000000000000000000000000100100000000000000000000000
000000010000000000000000000000000000000000000100000000000000000000000001001001000000000000000000000000000010010000000000000000000000
000000001000000000000000000000000000000000000010000000000000000000000000100100100000000000000000000000000001001000000000000000000000
000000000100000000000000000000000000000000000001000000000000000000000000010010010000000000000000000000000000100100000000000000000000
000000000010000000000000000000000000000000000000100000000000000000000000001001001000000000000000000000000000010010000000000000000000
000000000001000000000000000000000000000000000000010000000000000000000000000100100100000000000000000000000000001001000000000000000000
000000000000100000000000000000000000000000000000001000000000000000000000000010010010000000000000000000000000000100100000000000000000
000000000000010000000000000000000000000000000000000100000000000000000000000001001001000000000000000000000000000010010000000000000000
000000000000001000000000000000000000000000000000000010000000000000000000000000100100100000000000000000000000000001001000000000000000
000000000000000100000000000000000000000000000000000001000000000000000000000000010010010000000000000000000000000000100100000000000000
000000000000000010000000000000000000000000000000000000100000000000000000000000001001001000000000000000000000000000010010000000000000
000000000000000001000000000000000000000000000000000000010000000000000000000000000100100100000000000000000000000000001001000000000000
000000000000000000100000000000000000000000000000000000001000000000000000000000000010010010000000000000000000000000000100100000000000
000000000000000000010000000000000000000000000000000000000100000000000000000000000001001001000000000000000000000000000010010000000000
000000000000000000001000000000000000000000000000000000000010000000000000000000000000100100100000000000000000000000000001001000000000
000000000000000000000100000000000000000000000000000000000001000000000000000000000000010010010000000000000000000000000000100100000000
000000000000000000000010000000000000000000000000000000000000100000000000000000000000001001001000000000000000000000000000010010000000
000000000000000000000001000000000000000000000000000000000000010000000000000000000000000100100100000000000000000000000000001001000000
000000000000000000000000100000000000000000000000000000000000001000000000000000000000000010010010000000000000000000000000000100100000
001000100000000000000000000001000011000010001000000000000000000000010000100010000000000000000100000100001000100000000000000001000000
000100010000000000000000000000100001100001000100000000000000000000001000010001000000000000000010000010000100010000000000000000100000
000010001000000000000000000000010000110000100010000000000000000000000100001000100000000000000001000001000010001000000000000000010000
100001000100000000000000000000000000011000010001000000000000000010000010000100010000000000000000100000100001000100000000000000001000
010000100010000000000000000000000000001100001000100000000000000001000001000010001000000000000000010000010000100010000000000000000100
001000010001000000000000000000000000000110000100010000000000000000100000100001000100000000000000001000001000010001000000000000000010
000100001000100000000000000000000000000011000010001000000000000000010000010000100010000000000000000100000100001000100000000000000001
000010000100010000000000000000000000000001100001000100000000000000001000001000010001000000000000000010000010000100010000000000000000
000001000010001000000000000000000000000000110000100010000000000000000100000100001000100000000000000001000001000010001000000000000000
000000100001000100000000000000000000000000011000010001000000000000000010000010000100010000000000000000100000100001000100000000000000
000000010000100010000000000000000000000000001100001000100000000000000001000001000010001000000000000000010000010000100010000000000000
000000001000010001000000000000000000000000000110000100010000000000000000100000100001000100000000000000001000001000010001000000000000
000000000100001000100000000000000000000000000011000010001000000000000000010000010000100010000000000000000100000100001000100000000000
000000000010000100010000000000000000000000000001100001000100000000000000001000001000010001000000000000000010000010000100010000000000
000000000001000010001000000000000000000000000000110000100010000000000000000100000100001000100000000000000001000001000010001000000000
000000000000100001000100000000000000000000000000011000010001000000000000000010000010000100010000000000000000100000100001000100000000
000000000000010000100010000000000000000000000000001100001000100000000000000001000001000010001000000000000000010000010000100010000000
000000000000001000010001000000000000000000000000000110000100010000000000000000100000100001000100000000000000001000001000010001000000
000000000000000100001000100000000000000000000000000011000010001000000000000000010000010000100010000000000000000100000100001000100000
000000000000000010000100010000000000000000000000000001100001000100000000000000001000001000010001000000000000000010000010000100010000
000000000000000001000010001000001000000000000000000000110000100010000000000000000100000100001000100000000000000001000001000010000000
000000000000000000100001000100000100000000000000000000011000010001000000000000000010000010000100010000000000000000100000100001000000
000000000000000000010000100010000010000000000000000000001100001000100000000000000001000001000010001000000000000000010000010000100000
000000000000000000001000010001000001000000000000000000000110000100010000000000000000100000100001000100000000000000001000001000010000
000000000000000000000100001000101000100000000000000000000011000010001000000000000000010000010000100010000000000000000100000100000000
000000000000000000000010000100010100010000000000000000000001100001000100000000000000001000001000010001000000000000000010000010000000
100000000000000000000001000010000010001000000000000000000000110000100010000000000000000100000100001000100000000000000001000001000000
010000000000000000000000100001000001000100000000000000000000011000010001000000000000000010000010000100010000000000000000100000100000
001000000000000000000000010000100000100010000000000000000000001100001000100000000000000001000001000010001000000000000000010000010000
000100000000000000000000001000011000010001000000000000000000000110000100010000000000000000100000100001000100000000000000001000000000
100010000000000000000000000100001100001000100000000000000000000001000010001000000000000000010000010000100010000000000000000100000000
010001000000000000000000000010000110000100010000000000000000000000100001000100000000000000001000001000010001000000000000000010000000
000010000000000001000010000001000001100000100000000000010000100000010000001000000000001100001100000100000010000000000001000011000000
000001000000000000100001000000100000110000010000000000001000010000001000000100000000000110000110000010000001000000000000100001100000
000000100000000000010000100000010000011000001000000000000100001000000100000010000000000011000011000001000000100000000000010000110000
100000010000000000001000010000000000001100000100000000000010000110000010000001000000000001100001100000100000010000000000001000011000
010000001000000000000100001000001000000110000010000000000001000011000001000000100000000000110000110000010000001000000000000100000100
001000000100000000000010000100000100000011000001000000000000100001100000100000010000000000011000011000001000000100000000000010000010
000100000010000000000001000010000010000001100000100000000000010000110000010000001000000000001100001100000100000010000000000001000001
000010000001000000000000100001000001000000110000010000000000001000011000001000000100000000000110000110000010000001000000000000100000
000001000000100000000000010000100000100000011000001000000000000100001100000100000010000000000011000011000001000000100000000000010000
000000100000010000000000001000011000010000001100000100000000000010000110000010000001000000000001100001100000100000010000000000000000
100000010000001000000000000100000100001000000110000010000000000011000011000001000000100000000000010000110000010000001000000000000000
010000001000000100000000000010000010000100000011000001000000000001100001100000100000010000000000001000011000001000000100000000000000
001000000100000010000000000001000001000010000001100000100000000000110000110000010000001000000000000100001100000100000010000000000000
000100000010000001000000000000100000100001000000110000010000000000011000011000001000000100000000000010000110000010000001000000000000
000010000001000000100000000000010000010000100000011000001000000000001100001100000100000010000000000001000011000001000000100000000000
100001000000100000010000000000000000001000010000001100000100000000000110000110000010000001000000000000100001100000100000010000000000
010000100000010000001000000000000000000100001000000110000010000000000011000011000001000000100000000000010000110000010000001000000000
001000010000001000000100000000000000000010000100000011000001000000000001100001100000100000010000000000001000011000001000000100000000
000100001000000100000010000000000000000001000010000001100000100000000000110000110000010000001000000000000100001100000100000010000000
000010000100000010000001000000000000000000100001000000110000010000000000011000011000001000000100000000000010000110000010000001000000
000001000010000001000000100000000000000000010000100000011000001000000000001100001100000100000010000000000001000011000001000000100000
000000100001000000100000010000000000000000001000010000001100000100000000000110000110000010000001000000000000100001100000100000010000
000000010000100000010000001000001000000000000100001000000110000010000000000011000011000001000000100000000000010000110000010000000000
000000001000010000001000000100000100000000000010000100000011000001000000000001100001100000100000010000000000001000011000001000000000
000000000100001000000100000010000010000000000001000010000001100000100000000000110000110000010000001000000000000100001100000100000000
000000000010000100000010000001000001000000000000100001000000110000010000000000011000011000001000000100000000000010000110000010000000
000000000001000010000001000000100000100000000000010000100000011000001000000000001100001100000100000010000000000001000011000001000000
000000000000100001000000100000010000010000000000001000010000001100000100000000000110000110000010000001000000000000100001100000100000
100000000000010000100000010000001000001000000000000100001000000100000010000000000011000011000001000000100000000000010000110000010000
010000000000001000010000001000001100000100000000000010000100000010000001000000000001100001100000100000010000000000001000011000000000
001000000000000100001000000100000110000010000000000001000010000001000000100000000000110000110000010000001000000000000100001100000000
000100000000000010000100000010000011000001000000000000100001000000100000010000000000011000011000001000000100000000000010000110000000
000000000000000000000000101000101000100000000000000000000000000010001000000000000000000010100010100010000000000000000000001000100000
000000000000000000000000010100010100010000000000000000000000000001000100000000000000000001010001010001000000000000000000000100010000
100000000000000000000000001010000010001000000000000000000000000010100010000000000000000000101000101000100000000000000000000010000000
010000000000000000000000000101000001000100000000000000000000000001010001000000000000000000010100010100010000000000000000000001000000
001000000000000000000000000010100000100010000000000000000000000000101000100000000000000000001010001010001000000000000000000000100000
000100000000000000000000000001010000010001000000000000000000000000010100010000000000000000000101000101000100000000000000000000010000
100010000000000000000000000000100000001000100000000000000000000010001010001000000000000000000010100010100010000000000000000000001000
010001000000000000000000000000010000000100010000000000000000000001000101000100000000000000000001010001010001000000000000000000000100
101000100000000000000000000000000000000010001000000000000000000010100010100010000000000000000000001000101000100000000000000000000010
010100010000000000000000000000000000000001000100000000000000000001010001010001000000000000000000000100010100010000000000000000000001
001010001000000000000000000000000000000000100010000000000000000000101000101000100000000000000000000010001010001000000000000000000000
000101000100000000000000000000000000000000010001000000000000000000010100010100010000000000000000000001000101000100000000000000000000
000010100010000000000000000000000000000000001000100000000000000000001010001010001000000000000000000000100010100010000000000000000000
000001010001000000000000000000000000000000000100010000000000000000000101000101000100000000000000000000010001010001000000000000000000
000000101000100000000000000000000000000000000010001000000000000000000010100010100010000000000000000000001000101000100000000000000000
000000010100010000000000000000000000000000000001000100000000000000000001010001010001000000000000000000000100010100010000000000000000
000000001010001000000000000000000000000000000000100010000000000000000000101000101000100000000000000000000010001010001000000000000000
000000000101000100000000000000000000000000000000010001000000000000000000010100010100010000000000000000000001000101000100000000000000
000000000010100010000000000000000000000000000000001000100000000000000000001010001010001000000000000000000000100010100010000000000000
000000000001010001000000000000000000000000000000000100010000000000000000000101000101000100000000000000000000010001010001000000000000
000000000000101000100000000000000000000000000000000010001000000000000000000010100010100010000000000000000000001000101000100000000000
000000000000010100010000000000000000000000000000000001000100000000000000000001010001010001000000000000000000000100010100010000000000
000000000000001010001000000000000000000000000000000000100010000000000000000000101000101000100000000000000000000010001010001000000000
000000000000000101000100000000000000000000000000000000010001000000000000000000010100010100010000000000000000000001000101000100000000
000000000000000010100010000000000000000000000000000000001000100000000000000000001010001010001000000000000000000000100010100010000000
000000000000000001010001000000000000000000000000000000000100010000000000000000000101000101000100000000000000000000010001010001000000
000000000000000000101000100000000000000000000000000000000010001000000000000000000010100010100010000000000000000000001000101000100000
000000000000000000010100010000000000000000000000000000000001000100000000000000000001010001010001000000000000000000000100010100010000
000000000000000000001010001000001000000000000000000000000000100010000000000000000000101000101000100000000000000000000010001010000000
000000000000000000000101000100000100000000000000000000000000010001000000000000000000010100010100010000000000000000000001000101000000
000000000000000000000010100010000010000000000000000000000000001000100000000000000000001010001010001000000000000000000000100010100000
000000000000000000000001010001000001000000000000000000000000000100010000000000000000000101000101000100000000000000000000010001010000
001010000000000100010000000000000000100010100000000001000100000000100000101000010000010001000000000000001010000100000100010000000000
000101000000000010001000000000000000010001010000000000100010000000010000010100001000001000100000000000000101000010000010001000000000
000010100000000001000100000000000000001000101000000000010001000000001000001010000100000100010000000000000010100001000001000100000000
000001010000000000100010000000000000000100010100000000001000100000000100000101000010000010001000000000000001010000100000100010000000
000000101000000000010001000000000000000010001010000000000100010000000010000010100001000001000100000000000000101000010000010001000000
000000010100000000001000100000000000000001000101000000000010001000000001000001010000100000100010000000000000010100001000001000100000
000000001010000000000100010000000000000000100010100000000001000100000000100000101000010000010001000000000000001010000100000100010000
000000000101000000000010001000001000000000010001010000000000100010000000010000010100001000001000100000000000000101000010000010000000
000000000010100000000001000100000100000000001000101000000000010001000000001000001010000100000100010000000000000010100001000001000000
000000000001010000000000100010000010000000000100010100000000001000100000000100000101000010000010001000000000000001010000100000100000
000000000000101000000000010001000001000000000010001010000000000100010000000010000010100001000001000100000000000000101000010000010000
000000000000010100000000001000101000100000000001000101000000000010001000000001000001010000100000100010000000000000010100001000000000
000000000000001010000000000100010100010000000000100010100000000001000100000000100000101000010000010001000000000000001010000100000000
100000000000000101000000000010000010001000000000010001010000000000100010000000010000010100001000001000100000000000000101000010000000
010000000000000010100000000001000001000100000000001000101000000000010001000000001000001010000100000100010000000000000010100001000000
001000000000000001010000000000100000100010000000000100010100000000001000100000000100000101000010000010001000000000000001010000100000
000100000000000000101000000000010000010001000000000010001010000000000100010000000010000010100001000001000100000000000000101000010000
100010000000000000010100000000000000001000100000000001000101000010000010001000000001000001010000100000100010000000000000010100001000
010001000000000000001010000000000000000100010000000000100010100001000001000100000000100000101000010000010001000000000000001010000100
001000100000000000000101000000000000000010001000000000010001010000100000100010000000010000010100001000001000100000000000000101000010
000100010000000000000010100000000000000001000100000000001000101000010000010001000000001000001010000100000100010000000000000010100001
000010001000000000000001010000000000000000100010000000000100010100001000001000100000000100000101000010000010001000000000000001010000
000001000100000000000000101000001000000000010001000000000010001010000100000100010000000010000010100001000001000100000000000000100000
000000100010000000000000010100000100000000001000100000000001000101000010000010001000000001000001010000100000100010000000000000010000
000000010001000000000000001010001010000000000100010000000000100010100001000001000100000000100000101000010000010001000000000000000000
000000001000100000000000000101000101000000000010001000000000010001010000100000100010000000010000010100001000001000100000000000000000
000000000100010000000000000010100010100000000001000100000000001000101000010000010001000000001000001010000100000100010000000000000000
000000000010001000000000000001010001010000000000100010000000000100010100001000001000100000000100000101000010000010001000000000000000
100000000001000100000000000000101000101000000000010001000000000000001010000100000100010000000010000010100001000001000100000000000000
010000000000100010000000000000010100010100000000001000100000000000000101000010000010001000000001000001010000100000100010000000000000
101000000000010001000000000000000010001010000000000100010000000010000010100001000001000100000000000000101000010000010001000000000000
010100000000001000100000000000000001000101000000000010001000000001000001010000100000100010000000000000010100001000001000100000000000
001000000000100100000000010000000000000010000001001001000000000100100000100010000010010000000001001000001000000000100100000000010010
000100000000010010000000001000001000000001000000100100100000000010010000010001000001001000000000100100000100000000010010000000000001
000010000000001001000000000100000100000000100000010010010000000001001000001000100000100100000000010010000010000000001001000000000000
000001000000000100100000000010000010000000010000001001001000000000100100000100010000010010000000001001000001000000000100100000000000
000000100000000010010000000001000001000000001000000100100100000000010010000010001000001001000000000100100000100000000010010000000000
000000010000000001001000000000100000100000000100000010010010000000001001000001000100000100100000000010010000010000000001001000000000
000000001000000000100100000000010000010000000010000001001001000000000100100000100010000010010000000001001000001000000000100100000000
100000000100000000010010000000000000001000000001000000100100100000000010010000010001000001001000000000100100000100000000010010000000
010000000010000000001001000000000000000100000000100000010010010000000001001000001000100000100100000000010010000010000000001001000000
001000000001000000000100100000000000000010000000010000001001001000000000100100000100010000010010000000001001000001000000000100100000
000100000000100000000010010000000000000001000000001000000100100100000000010010000010001000001001000000000100100000100000000010010000
000010000000010000000001001000001000000000100000000100000010010010000000001001000001000100000100100000000010010000010000000001000000
000001000000001000000000100100000100000000010000000010000001001001000000000100100000100010000010010000000001001000001000000000100000
000000100000000100000000010010000010000000001000000001000000100100100000000010010000010001000001001000000000100100000100000000010000
000000010000000010000000001001001001000000000100000000100000010010010000000001001000001000100000100100000000010010000010000000000000
000000001000000001000000000100100100100000000010000000010000001001001000000000100100000100010000010010000000001001000001000000000000
000000000100000000100000000010010010010000000001000000001000000100100100000000010010000010001000001001000000000100100000100000000000
100000000010000000010000000001001001001000000000100000000100000000010010000000001001000001000100000100100000000010010000010000000000
010000000001000000001000000000100100100100000000010000000010000000001001000000000100100000100010000010010000000001001000001000000000
001000000000100000000100000000010010010010000000001000000001000000000100100000000010010000010001000001001000000000100100000100000000
100100000000010000000010000000000001001001000000000100000000100010000010010000000001001000001000000000100100000000010010000010000000
010010000000001000000001000000000000100100100000000010000000010001000001001000000000100100000100000000010010000000001001000001000000
001001000000000100000000100000000000010010010000000001000000001000100000100100000000010010000010000000001001000000000100100000100000
000100100000000010000000010000000000001001001000000000100000000100010000010010000000001001000001000000000100100000000010010000010000
000010010000000001000000001000001000000100100100000000010000000010001000001001000000000100100000100000000010010000000001001000000000
000001001000000000100000000100000100000010010010000000001000000001000100000100100000000010010000010000000001001000000000100100000000
000000100100000000010000000010000010000001001001000000000100000000100010000010010000000001001000001000000000100100000000010010000000
000000010010000000001000000001000001000000100100100000000010000000010001000001001000000000100100000100000000010010000000001001000000
000000001001000000000100000000100000100000010010010000000001000000001000100000100100000000010010000010000000001001000000000100100000
000000000100100000000010000000010000010000001001001000000000100000000100010000010010000000001001000001000000000100100000000010010000
100000000010010000000001000000000000001000000100100100000000010010000010001000001001000000000100100000100000000010010000000001001000
010000000001001000000000100000000000000100000010010010000000001001000001000100000100100000000010010000010000000001001000000000100100
000000000000000000000001000010000010010000000000000000000000010000100100000000000000000100000100001000000000000000000001000001000000
000000000000000000000000100001000001001000000000000000000000001000010010000000000000000010000010000100000000000000000000100000100000
000000000000000000000000010000100000100100000000000000000000000100001001000000000000000001000001000010000000000000000000010000010000
000000000000000000000000001000011000010010000000000000000000000010000100100000000000000000100000100001000000000000000000001000000000
100000000000000000000000000100000100001001000000000000000000000001000010010000000000000000010000010000100000000000000000000100000000
010000000000000000000000000010000010000100100000000000000000000000100001001000000000000000001000001000010000000000000000000010000000
001000000000000000000000000001000001000010010000000000000000000000010000100100000000000000000100000100001000000000000000000001000000
000100000000000000000000000000100000100001001000000000000000000000001000010010000000000000000010000010000100000000000000000000100000
000010000000000000000000000000010000010000100100000000000000000000000100001001000000000000000001000001000010000000000000000000010000
100001000000000000000000000000000000001000010010000000000000000010000010000100100000000000000000100000100001000000000000000000001000
010000100000000000000000000000000000000100001001000000000000000001000001000010010000000000000000010000010000100000000000000000000100
001000010000000000000000000000000000000010000100100000000000000000100000100001001000000000000000001000001000010000000000000000000010
000100001000000000000000000000000000000001000010010000000000000000010000010000100100000000000000000100000100001000000000000000000001
000010000100000000000000000000000000000000100001001000000000000000001000001000010010000000000000000010000010000100000000000000000000
000001000010000000000000000000000000000000010000100100000000000000000100000100001001000000000000000001000001000010000000000000000000
000000100001000000000000000000000000000000001000010010000000000000000010000010000100100000000000000000100000100001000000000000000000
000000010000100000000000000000000000000000000100001001000000000000000001000001000010010000000000000000010000010000100000000000000000
000000001000010000000000000000000000000000000010000100100000000000000000100000100001001000000000000000001000001000010000000000000000
000000000100001000000000000000000000000000000001000010010000000000000000010000010000100100000000000000000100000100001000000000000000
000000000010000100000000000000000000000000000000100001001000000000000000001000001000010010000000000000000010000010000100000000000000
000000000001000010000000000000000000000000000000010000100100000000000000000100000100001001000000000000000001000001000010000000000000
000000000000100001000000000000000000000000000000001000010010000000000000000010000010000100100000000000000000100000100001000000000000
000000000000010000100000000000000000000000000000000100001001000000000000000001000001000010010000000000000000010000010000100000000000
000000000000001000010000000000000000000000000000000010000100100000000000000000100000100001001000000000000000001000001000010000000000
000000000000000100001000000000000000000000000000000001000010010000000000000000010000010000100100000000000000000100000100001000000000
000000000000000010000100000000000000000000000000000000100001001000000000000000001000001000010010000000000000000010000010000100000000
000000000000000001000010000000000000000000000000000000010000100100000000000000000100000100001001000000000000000001000001000010000000
000000000000000000100001000000001000000000000000000000001000010010000000000000000010000010000100000000000000000000100000100001000000
000000000000000000010000100000000100000000000000000000000100001001000000000000000001000001000010000000000000000000010000010000100000
000000000000000000001000010000000010000000000000000000000010000100100000000000000000100000100001000000000000000000001000001000010000
000000000000000000000100001000001001000000000000000000000001000010010000000000000000010000010000100000000000000000000100000100000000
000000000000000000000010000100000100100000000000000000000000100001001000000000000000001000001000010000000000000000000010000010000000
001000000100000000000100000001000001000010000001000001000001000000110000100000010000000000010100001100001000000100000000000100000010
000100000010000000000010000000100000100001000000100000100000100000011000010000001000000000001010000110000100000010000000000010000001
000010000001000000000001000000010000010000100000010000010000010000001100001000000100000000000101000011000010000001000000000001000000
100001000000100000000000100000000000001000010000001000001000001010000110000100000010000000000010000001100001000000100000000000100000
010000100000010000000000010000000000000100001000000100000100000101000011000010000001000000000001000000110000100000010000000000010000
001000010000001000000000001000001000000010000100000010000010000010100001100001000000100000000000100000011000010000001000000000000000
000100001000000100000000000100000100000001000010000001000001000001010000110000100000010000000000010000001100001000000100000000000000
000010000100000010000000000010000010000000100001000000100000100000101000011000010000001000000000001000000110000100000010000000000000
000001000010000001000000000001000001000000010000100000010000010000010100001100001000000100000000000100000011000010000001000000000000
000000100001000000100000000000100000100000001000010000001000001000001010000110000100000010000000000010000001100001000000100000000000
000000010000100000010000000000010000010000000100001000000100000100000101000011000010000001000000000001000000110000100000010000000000
100000001000010000001000000000001000001000000010000100000010000000000010100001100001000000100000000000100000011000010000001000000000
010000000100001000000100000000000100000100000001000010000001000000000001010000110000100000010000000000010000001100001000000100000000
001000000010000100000010000000000010000010000000100001000000100000000000101000011000010000001000000000001000000110000100000010000000
000100000001000010000001000000000001000001000000010000100000010000000000010100001100001000000100000000000100000011000010000001000000
000010000000100001000000100000000000100000100000001000010000001000000000001010000110000100000010000000000010000001100001000000100000
000001000000010000100000010000000000010000010000000100001000000100000000000101000011000010000001000000000001000000110000100000010000
000000100000001000010000001000001000001000001000000010000100000010000000000010100001100001000000100000000000100000011000010000000000
000000010000000100001000000100000100000100000100000001000010000001000000000001010000110000100000010000000000010000001100001000000000
000000001000000010000100000010000010000010000010000000100001000000100000000000101000011000010000001000000000001000000110000100000000
000000000100000001000010000001000001000001000001000000010000100000010000000000010100001100001000000100000000000100000011000010000000
000000000010000000100001000000100000100000100000100000001000010000001000000000001010000110000100000010000000000010000001100001000000
000000000001000000010000100000010000010000010000010000000100001000000100000000000101000011000010000001000000000001000000110000100000
100000000000100000001000010000000000001000001000001000000010000100000010000000000010100001100001000000100000000000100000011000010000
010000000000010000000100001000001000000100000100000100000001000010000001000000000001010000110000100000010000000000010000001100000000
001000000000001000000010000100000100000010000010000010000000100001000000100000000000101000011000010000001000000000001000000110000000
000100000000000100000001000010000010000001000001000001000000010000100000010000000000010100001100001000000100000000000100000011000000
000010000000000010000000100001000001000000100000100000100000001000010000001000000000001010000110000100000010000000000010000001100000
000001000000000001000000010000100000100000010000010000010000000100001000000100000000000101000011000010000001000000000001000000110000
000000100000000000100000001000011000010000001000001000001000000010000100000010000000000010100001100001000000100000000000100000010000
100000010000000000010000000100000100001000000100000100000100000011000010000001000000000001010000110000100000010000000000010000001000
010000001000000000001000000010000010000100000010000010000010000001100001000000100000000000101000011000010000001000000000001000000100
000010000000010000000000000010010010010000100000000100000000000100101100001001000001000000000000001001000010010000010000000000000000
100001000000001000000000000001001001001000010000000010000000000000010110000100100000100000000000000100100001001000001000000000000000
010000100000000100000000000000100100100100001000000001000000000000001011000010010000010000000000000010010000100100000100000000000000
001000010000000010000000000000010010010010000100000000100000000000000101100001001000001000000000000001001000010010000010000000000000
100100001000000001000000000000000001001001000010000000010000000000000010110000100100000100000000000000100100001001000001000000000000
010010000100000000100000000000000000100100100001000000001000000000000001011000010010000010000000000000010010000100100000100000000000
001001000010000000010000000000000000010010010000100000000100000000000000101100001001000001000000000000001001000010010000010000000000
000100100001000000001000000000000000001001001000010000000010000000000000010110000100100000100000000000000100100001001000001000000000
000010010000100000000100000000000000000100100100001000000001000000000000001011000010010000010000000000000010010000100100000100000000
000001001000010000000010000000000000000010010010000100000000100000000000000101100001001000001000000000000001001000010010000010000000
000000100100001000000001000000000000000001001001000010000000010000000000000010110000100100000100000000000000100100001001000001000000
000000010010000100000000100000000000000000100100100001000000001000000000000001011000010010000010000000000000010010000100100000100000
000000001001000010000000010000000000000000010010010000100000000100000000000000101100001001000001000000000000001001000010010000010000
000000000100100001000000001000001000000000001001001000010000000010000000000000010110000100100000100000000000000100100001001000000000
000000000010010000100000000100000100000000000100100100001000000001000000000000001011000010010000010000000000000010010000100100000000
000000000001001000010000000010000010000000000010010010000100000000100000000000000101100001001000001000000000000001001000010010000000
000000000000100100001000000001000001000000000001001001000010000000010000000000000010110000100100000100000000000000100100001001000000
000000000000010010000100000000100000100000000000100100100001000000001000000000000001011000010010000010000000000000010010000100100000
000000000000001001000010000000010000010000000000010010010000100000000100000000000000101100001001000001000000000000001001000010010000
100000000000000100100001000000000000001000000000001001001000010010000010000000000000010110000100100000100000000000000100100001001000
010000000000000010010000100000000000000100000000000100100100001001000001000000000000001011000010010000010000000000000010010000100100
001000000000000001001000010000000000000010000000000010010010000100100000100000000000000101100001001000001000000000000001001000010010
000100000000000000100100001000001000000001000000000001001001000010010000010000000000000010110000100100000100000000000000100100000001
000010000000000000010010000100000100000000100000000000100100100001001000001000000000000001011000010010000010000000000000010010000000
000001000000000000001001000010000010000000010000000000010010010000100100000100000000000000101100001001000001000000000000001001000000
000000100000000000000100100001000001000000001000000000001001001000010010000010000000000000010110000100100000100000000000000100100000
000000010000000000000010010000100000100000000100000000000100100100001001000001000000000000001011000010010000010000000000000010010000
000000001000000000000001001000011000010000000010000000000010010010000100100000100000000000000101100001001000001000000000000001000000
100000000100000000000000100100000100001000000001000000000001001011000010010000010000000000000010010000100100000100000000000000100000
010000000010000000000000010010000010000100000000100000000000100101100001001000001000000000000001001000010010000010000000000000010000
001000000001000000000000001001001001000010000000010000000000010010110000100100000100000000000000100100001001000001000000000000000000
000100000000100000000000000100100100100001000000001000000000001001011000010010000010000000000000010010000100100000100000000000000000
100000101000000000000010000000001000001000001010000000000000100000000000000010100000001000001000000000100000101000000010000010000000
010000010100000000000001000000000100000100000101000000000000010000000000000001010000000100000100000000010000010100000001000001000000
001000001010000000000000100000000010000010000010100000000000001000000000000000101000000010000010000000001000001010000000100000100000
000100000101000000000000010000000001000001000001010000000000000100000000000000010100000001000001000000000100000101000000010000010000
000010000010100000000000001000001000100000100000101000000000000010000000000000001010000000100000100000000010000010100000001000000000
000001000001010000000000000100000100010000010000010100000000000001000000000000000101000000010000010000000001000001010000000100000000
000000100000101000000000000010000010001000001000001010000000000000100000000000000010100000001000001000000000100000101000000010000000
000000010000010100000000000001000001000100000100000101000000000000010000000000000001010000000100000100000000010000010100000001000000
000000001000001010000000000000100000100010000010000010100000000000001000000000000000101000000010000010000000001000001010000000100000
000000000100000101000000000000010000010001000001000001010000000000000100000000000000010100000001000001000000000100000101000000010000
100000000010000010100000000000000000001000100000100000101000000010000010000000000000001010000000100000100000000010000010100000001000
010000000001000001010000000000000000000100010000010000010100000001000001000000000000000101000000010000010000000001000001010000000100
001000000000100000101000000000000000000010001000001000001010000000100000100000000000000010100000001000001000000000100000101000000010
000100000000010000010100000000000000000001000100000100000101000000010000010000000000000001010000000100000100000000010000010100000001
000010000000001000001010000000000000000000100010000010000010100000001000001000000000000000101000000010000010000000001000001010000000
000001000000000100000101000000000000000000010001000001000001010000000100000100000000000000010100000001000001000000000100000101000000
000000100000000010000010100000000000000000001000100000100000101000000010000010000000000000001010000000100000100000000010000010100000
000000010000000001000001010000000000000000000100010000010000010100000001000001000000000000000101000000010000010000000001000001010000
000000001000000000100000101000001000000000000010001000001000001010000000100000100000000000000010100000001000001000000000100000100000
000000000100000000010000010100000100000000000001000100000100000101000000010000010000000000000001010000000100000100000000010000010000
000000000010000000001000001010001010000000000000100010000010000010100000001000001000000000000000101000000010000010000000001000000000
000000000001000000000100000101000101000000000000010001000001000001010000000100000100000000000000010100000001000001000000000100000000
000000000000100000000010000010100010100000000000001000100000100000101000000010000010000000000000001010000000100000100000000010000000
000000000000010000000001000001010001010000000000000100010000010000010100000001000001000000000000000101000000010000010000000001000000
100000000000001000000000100000100000101000000000000010001000001000001010000000100000100000000000000010100000001000001000000000100000
010000000000000100000000010000010000010100000000000001000100000100000101000000010000010000000000000001010000000100000100000000010000
101000000000000010000000001000001000001010000000000000100010000000000010100000001000001000000000100000101000000010000010000000000000
010100000000000001000000000100000100000101000000000000010001000000000001010000000100000100000000010000010100000001000001000000000000
001010000000000000100000000010000010000010100000000000001000100000000000101000000010000010000000001000001010000000100000100000000000
000101000000000000010000000001000001000001010000000000000100010000000000010100000001000001000000000100000101000000010000010000000000
000010100000000000001000000000100000100000101000000000000010001000000000001010000000100000100000000010000010100000001000001000000000
000001010000000000000100000000010000010000010100000000000001000100000000000101000000010000010000000001000001010000000100000100000000
100010000000100000001000000000000000001000100000001010000010000000001010001010000010000000100000000010100010000000100000001000000000
010001000000010000000100000000000000000100010000000101000001000000000101000101000001000000010000000001010001000000010000000100000000
001000100000001000000010000000000000000010001000000010100000100000000010100010100000100000001000000000101000100000001000000010000000
000100010000000100000001000000000000000001000100000001010000010000000001010001010000010000000100000000010100010000000100000001000000
000010001000000010000000100000000000000000100010000000101000001000000000101000101000001000000010000000001010001000000010000000100000
000001000100000001000000010000000000000000010001000000010100000100000000010100010100000100000001000000000101000100000001000000010000
000000100010000000100000001000001000000000001000100000001010000010000000001010001010000010000000100000000010100010000000100000000000
000000010001000000010000000100000100000000000100010000000101000001000000000101000101000001000000010000000001010001000000010000000000
000000001000100000001000000010000010000000000010001000000010100000100000000010100010100000100000001000000000101000100000001000000000
000000000100010000000100000001000001000000000001000100000001010000010000000001010001010000010000000100000000010100010000000100000000
000000000010001000000010000000100000100000000000100010000000101000001000000000101000101000001000000010000000001010001000000010000000
000000000001000100000001000000010000010000000000010001000000010100000100000000010100010100000100000001000000000101000100000001000000
100000000000100010000000100000001000001000000000001000100000001000000010000000001010001010000010000000100000000010100010000000100000
010000000000010001000000010000000100000100000000000100010000000100000001000000000101000101000001000000010000000001010001000000010000
001000000000001000100000001000001010000010000000000010001000000010000000100000000010100010100000100000001000000000101000100000000000
000100000000000100010000000100000101000001000000000001000100000001000000010000000001010001010000010000000100000000010100010000000000
000010000000000010001000000010000010100000100000000000100010000000100000001000000000101000101000001000000010000000001010001000000000
000001000000000001000100000001000001010000010000000000010001000000010000000100000000010100010100000100000001000000000101000100000000
000000100000000000100010000000100000101000001000000000001000100000001000000010000000001010001010000010000000100000000010100010000000
000000010000000000010001000000010000010100000100000000000100010000000100000001000000000101000101000001000000010000000001010001000000
100000001000000000001000100000000000001010000010000000000010001010000010000000100000000010100010000000100000001000000000101000100000
010000000100000000000100010000000000000101000001000000000001000101000001000000010000000001010001000000010000000100000000010100010000
001000000010000000000010001000001000000010100000100000000000100010100000100000001000000000101000100000001000000010000000001010000000
000100000001000000000001000100000100000001010000010000000000010001010000010000000100000000010100010000000100000001000000000101000000
000010000000100000000000100010000010000000101000001000000000001000101000001000000010000000001010001000000010000000100000000010100000
000001000000010000000000010001000001000000010100000100000000000100010100000100000001000000000101000100000001000000010000000001010000
000000100000001000000000001000101000100000001010000010000000000010001010000010000000100000000010100010000000100000001000000000100000
000000010000000100000000000100010100010000000101000001000000000001000101000001000000010000000001010001000000010000000100000000010000
100000001000000010000000000010000010001000000010100000100000000010100010100000100000001000000000101000100000001000000010000000001000
010000000100000001000000000001000001000100000001010000010000000001010001010000010000000100000000010100010000000100000001000000000100
001000000010000000100000000000100000100010000000101000001000000000101000101000001000000010000000001010001000000010000000100000000010
000100000001000000010000000000010000010001000000010100000100000000010100010100000100000001000000000101000100000001000000010000000001
001100000000000000100000001000001000000011000000000000001010000010110000110000000000000010000000101000001100000000000000100000000010
000110000000000000010000000100000100000001100000000000000101000001011000011000000000000001000000010100000110000000000000010000000001
000011000000000000001000000010000010000000110000000000000010100000101100001100000000000000100000001010000011000000000000001000000000
000001100000000000000100000001000001000000011000000000000001010000010110000110000000000000010000000101000001100000000000000100000000
000000110000000000000010000000100000100000001100000000000000101000001011000011000000000000001000000010100000110000000000000010000000
000000011000000000000001000000010000010000000110000000000000010100000101100001100000000000000100000001010000011000000000000001000000
100000001100000000000000100000001000001000000011000000000000001000000010110000110000000000000010000000101000001100000000000000100000
010000000110000000000000010000000100000100000001100000000000000100000001011000011000000000000001000000010100000110000000000000010000
001000000011000000000000001000001010000010000000110000000000000010000000101100001100000000000000100000001010000011000000000000000000
000100000001100000000000000100000101000001000000011000000000000001000000010110000110000000000000010000000101000001100000000000000000
000010000000110000000000000010000010100000100000001100000000000000100000001011000011000000000000001000000010100000110000000000000000
000001000000011000000000000001000001010000010000000110000000000000010000000101100001100000000000000100000001010000011000000000000000
000000100000001100000000000000100000101000001000000011000000000000001000000010110000110000000000000010000000101000001100000000000000
000000010000000110000000000000010000010100000100000001100000000000000100000001011000011000000000000001000000010100000110000000000000
100000001000000011000000000000000000001010000010000000110000000000000010000000101100001100000000000000100000001010000011000000000000
010000000100000001100000000000000000000101000001000000011000000000000001000000010110000110000000000000010000000101000001100000000000
001000000010000000110000000000000000000010100000100000001100000000000000100000001011000011000000000000001000000010100000110000000000
000100000001000000011000000000000000000001010000010000000110000000000000010000000101100001100000000000000100000001010000011000000000
000010000000100000001100000000000000000000101000001000000011000000000000001000000010110000110000000000000010000000101000001100000000
000001000000010000000110000000000000000000010100000100000001100000000000000100000001011000011000000000000001000000010100000110000000
000000100000001000000011000000000000000000001010000010000000110000000000000010000000101100001100000000000000100000001010000011000000
000000010000000100000001100000000000000000000101000001000000011000000000000001000000010110000110000000000000010000000101000001100000
000000001000000010000000110000000000000000000010100000100000001100000000000000100000001011000011000000000000001000000010100000110000
000000000100000001000000011000001000000000000001010000010000000110000000000000010000000101100001100000000000000100000001010000010000
000000000010000000100000001100001100000000000000101000001000000011000000000000001000000010110000110000000000000010000000101000000000
000000000001000000010000000110000110000000000000010100000100000001100000000000000100000001011000011000000000000001000000010100000000
000000000000100000001000000011000011000000000000001010000010000000110000000000000010000000101100001100000000000000100000001010000000
000000000000010000000100000001100001100000000000000101000001000000011000000000000001000000010110000110000000000000010000000101000000
000000000000001000000010000000110000110000000000000010100000100000001100000000000000100000001011000011000000000000001000000010100000
100000000000000100000001000000010000011000000000000001010000010010000110000000000000010000000101000001100000000000000100000001010000
110000000000000010000000100000000000001100000000000000101000001011000011000000000000001000000010100000110000000000000010000000101000
011000000000000001000000010000000000000110000000000000010100000101100001100000000000000100000001010000011000000000000001000000010100
000000000010000010000000000001010001010000000000100000100000000100010100001000001000001000000100000101000000000010000010000001000000
100000000001000001000000000000101000101000000000010000010000000000001010000100000100000100000010000010100000000001000001000000100000
010000000000100000100000000000010100010100000000001000001000000000000101000010000010000010000001000001010000000000100000100000010000
101000000000010000010000000000000010001010000000000100000100000010000010100001000001000001000000100000101000000000010000010000001000
010100000000001000001000000000000001000101000000000010000010000001000001010000100000100000100000010000010100000000001000001000000100
001010000000000100000100000000000000100010100000000001000001000000100000101000010000010000010000001000001010000000000100000100000010
000101000000000010000010000000000000010001010000000000100000100000010000010100001000001000001000000100000101000000000010000010000001
000010100000000001000001000000000000001000101000000000010000010000001000001010000100000100000100000010000010100000000001000001000000
000001010000000000100000100000000000000100010100000000001000001000000100000101000010000010000010000001000001010000000000100000100000
000000101000000000010000010000000000000010001010000000000100000100000010000010100001000001000001000000100000101000000000010000010000
000000010100000000001000001000001000000001000101000000000010000010000001000001010000100000100000100000010000010100000000001000000000
000000001010000000000100000100000100000000100010100000000001000001000000100000101000010000010000010000001000001010000000000100000000
000000000101000000000010000010000010000000010001010000000000100000100000010000010100001000001000001000000100000101000000000010000000
000000000010100000000001000001000001000000001000101000000000010000010000001000001010000100000100000100000010000010100000000001000000
000000000001010000000000100000100000100000000100010100000000001000001000000100000101000010000010000010000001000001010000000000100000
000000000000101000000000010000010000010000000010001010000000000100000100000010000010100001000001000001000000100000101000000000010000
100000000000010100000000001000001000001000000001000101000000000010000010000001000001010000100000100000100000010000010100000000000000
010000000000001010000000000100000100000100000000100010100000000001000001000000100000101000010000010000010000001000001010000000000000
001000000000000101000000000010000010000010000000010001010000000000100000100000010000010100001000001000001000000100000101000000000000
000100000000000010100000000001000001000001000000001000101000000000010000010000001000001010000100000100000100000010000010100000000000
000010000000000001010000000000100000100000100000000100010100000000001000001000000100000101000010000010000010000001000001010000000000
000001000000000000101000000000010000010000010000000010001010000000000100000100000010000010100001000001000001000000100000101000000000
100000100000000000010100000000000000001000001000000001000101000010000010000010000001000001010000000000100000100000010000010100000000
010000010000000000001010000000000000000100000100000000100010100001000001000001000000100000101000000000010000010000001000001010000000
001000001000000000000101000000000000000010000010000000010001010000100000100000100000010000010100000000001000001000000100000101000000
000100000100000000000010100000000000000001000001000000001000101000010000010000010000001000001010000000000100000100000010000010100000
000010000010000000000001010000000000000000100000100000000100010100001000001000001000000100000101000000000010000010000001000001010000
000001000001000000000000101000001000000000010000010000000010001010000100000100000100000010000010100000000001000001000000100000100000
000000100000100000000000010100000100000000001000001000000001000101000010000010000010000001000001010000000000100000100000010000010000
000000010000010000000000001010001010000000000100000100000000100010100001000001000001000000100000101000000000010000010000001000000000
000000001000001000000000000101000101000000000010000010000000010001010000100000100000100000010000010100000000001000001000000100000000
000000000100000100000000000010100010100000000001000001000000001000101000010000010000010000001000001010000000000100000100000010000000
100000010010000000000000000100000100001100000100100000000000000001000010001001001000000000010000010000100010010010000000000000000000
010000001001000000000000000010000010000110000010010000000000000000100001000100100100000000001000001000010001001001000000000000000000
001000000100100000000000000001000001000011000001001000000000000000010000100010010010000000000100000100001000100100100000000000000000
000100000010010000000000000000100000100001100000100100000000000000001000010001001001000000000010000010000100010010010000000000000000
000010000001001000000000000000010000010000110000010010000000000000000100001000100100100000000001000001000010001001001000000000000000
100001000000100100000000000000000000001000011000001001000000000010000010000100010010010000000000000000100001000100100100000000000000
010000100000010010000000000000000000000100001100000100100000000001000001000010001001001000000000000000010000100010010010000000000000
001000010000001001000000000000000000000010000110000010010000000000100000100001000100100100000000000000001000010001001001000000000000
000100001000000100100000000000000000000001000011000001001000000000010000010000100010010010000000000000000100001000100100100000000000
000010000100000010010000000000000000000000100001100000100100000000001000001000010001001001000000000000000010000100010010010000000000
000001000010000001001000000000000000000000010000110000010010000000000100000100001000100100100000000000000001000010001001001000000000
000000100001000000100100000000000000000000001000011000001001000000000010000010000100010010010000000000000000100001000100100100000000
000000010000100000010010000000000000000000000100001100000100100000000001000001000010001001001000000000000000010000100010010010000000
000000001000010000001001000000000000000000000010000110000010010000000000100000100001000100100100000000000000001000010001001001000000
000000000100001000000100100000000000000000000001000011000001001000000000010000010000100010010010000000000000000100001000100100100000
000000000010000100000010010000000000000000000000100001100000100100000000001000001000010001001001000000000000000010000100010010010000
000000000001000010000001001000001000000000000000010000110000010010000000000100000100001000100100100000000000000001000010001001000000
000000000000100001000000100100000100000000000000001000011000001001000000000010000010000100010010010000000000000000100001000100100000
000000000000010000100000010010000010000000000000000100001100000100100000000001000001000010001001001000000000000000010000100010010000
000000000000001000010000001001001001000000000000000010000110000010010000000000100000100001000100100100000000000000001000010001000000
000000000000000100001000000100100100100000000000000001000011000001001000000000010000010000100010010010000000000000000100001000100000
000000000000000010000100000010010010010000000000000000100001100000100100000000001000001000010001001001000000000000000010000100010000
100000000000000001000010000001000001001000000000000000010000110010010010000000000100000100001000100100100000000000000001000010001000
010000000000000000100001000000100000100100000000000000001000011001001001000000000010000010000100010010010000000000000000100001000100
001000000000000000010000100000010000010010000000000000000100001100100100100000000001000001000010001001001000000000000000010000100010
100100000000000000001000010000001000001001000000000000000010000100010010010000000000100000100001000100100100000000000000001000010001
010010000000000000000100001000001100000100100000000000000001000010001001001000000000010000010000100010010010000000000000000100000000
001001000000000000000010000100000110000010010000000000000000100001000100100100000000001000001000010001001001000000000000000010000000
000100100000000000000001000010000011000001001000000000000000010000100010010010000000000100000100001000100100100000000000000001000000
000010010000000000000000100001000001100000100100000000000000001000010001001001000000000010000010000100010010010000000000000000100000
000001001000000000000000010000100000110000010010000000000000000100001000100100100000000001000001000010001001001000000000000000010000
000000100100000000000000001000011000011000001001000000000000000010000100010010010000000000100000100001000100100100000000000000000000
