100000000000000011000000000000001000001000000000000000110000000000000010000000001100001100000000000000100000000010000011000000000000
010000000010001001000000001100001000000100100000100010010000000011000001000000101100100100110000110000010000000011001001001000000000
001000000000000000110000000000000010000010000000000000001100000000000000100000000011000011000000000000001000000000100000110000000000
000100000000000010010000000000000001000001000000000000100100000000000000010000001001001001000000000000000100000000010010010000000000
000010000000000000001100000000000000100000100000000000000011000000000000001000000000110000110000000000000010000000001000001100000000
000001000000000000100100000000000000010000010000000000001001000000000000000100000010010010010000000000000001000000000100100100000000
000000000001100000011100010000010100100111110110001011101011110001101010101111010011100100101100100111001001000110111011100001101010
000000010000000000001001000000000000000100000100000000000010010000000000000001000000100100100100000000000000010000000001001001000000
000000001101101100000010000101100101100011011000011011000000100001011000000000110110111000011110010110000000001101101100110100110000
000000000000000000000000000000000000000000000000000000000000000000000000000000000000000000000000000000000000000000000000000000000000
000000000000000000000000000000000000000000000000000000000000000000000000000000000000000000000000000000000000000000000000000000000000
000000000000000000000000000000000000000000000000000000000000000000000000000000000000000000000000000000000000000000000000000000000000
000000000000000000000000000000000000000000000000000000000000000000000000000000000000000000000000000000000000000000000000000000000000
000000000000010000000000001001001001000000000100000100000000000010010000000000000001000000100100100100000000000000010000000001000000
000000000000000000000000000000000000000000000000000000000000000000000000000000000000000000000000000000000000000000000000000000000000
000000000000000000000000000000000000000000000000000000000000000000000000000000000000000000000000000000000000000000000000000000000000
110000000000000010000000000000000000001100000000100000100000000011000011000000000000001000000000100000110000000000000010000000001000
010000000000000001000000000000100000100100000000010000010000000001001001000000000000000100000010010010010000000000000001000000000100
001100000000000000100000000000000000000011000000001000001000000000110000110000000000000010000000001000001100000000000000100000000010
100100000000000000010000000000000000001001000000000100000100000010010010010000000000000001000000000100100100000000000000010000000001
000011000000000000001000000000000000000000110000000010000010000000001100001100000000000000100000000010000011000000000000001000000000
001001000000000000000100000000000000000010010000000001000001000000100100100100000000000000010000000001001001000000000000000100000000
000000110000000000000010000000000000000000001100000000100000100000000011000011000000000000001000000000100000110000000000000010000000
000010010000000000000001000000000000000000100100000000010000010000001001001001000000000000000100000000010010010000000000000001000000
000000001100000000000000100000000000000000000011000000001000001000000000110000110000000000000010000000001000001100000000000000100000
000000100100000000000000010000000000000000001001000000000100000100000010010010010000000000000001000000000100100100000000000000010000
000000000011000000000000001000001000000000000000110000000010000010000000001100001100000000000000100000000010000011000000000000000000
000000001001000000000000000100000100000000000010010000000001000001000000100100100100000000000000010000000001001001000000000000000000
000000000000110000000000000010000010000000000000001100000000100000100000000011000011000000000000001000000000100000110000000000000000
000000000010010000000000000001000001000000000000100100000000010000010000001001001001000000000000000100000000010010010000000000000000
000000000000001100000000000000100000100000000000000011000000001000001000000000110000110000000000000010000000001000001100000000000000
000000000000100100000000000000010000010000000000001001000000000100000100000010010010010000000000000001000000000100100100000000000000
000000010000000000000000100000100000100000000100000000001000001000001001000001000000000000000010000010000000010000000000000000100000
000010000000000000000000010000010000010000100000000000000100000100001100001000000000000000000001000001000010000000000000000000010000
100000000100000000000000001000001000001000000001000000000010000010000010010000010000000000000000100000100000000100000000000000000000
010000100000000000000000000100000100000100001000000000000001000001000011000010000000000000000000010000010000100000000000000000000000
001000000001000000000000000010000010000010000000010000000000100000100000100100000100000000000000001000001000000001000000000000000000
000100001000000000000000000001000001000001000010000000000000010000010000110000100000000000000000000100000100001000000000000000000000
000010000000010000000000000000100000100000100000000100000000001000001000001001000001000000000000000010000010000000010000000000000000
000001000010000000000000000000010000010000010000100000000000000100000100001100001000000000000000000001000001000010000000000000000000
100000100000000100000000000000001000001000001000000001000000000000000010000010010000010000000000000000100000100000000100000000000000
010000010000100000000000000000000100000100000100001000000000000000000001000011000010000000000000000000010000010000100000000000000000
001000001000000001000000000000000010000010000010000000010000000000000000100000100100000100000000000000001000001000000001000000000000
000100000100001000000000000000000001000001000001000010000000000000000000010000110000100000000000000000000100000100001000000000000000
000010000010000000010000000000000000100000100000100000000100000000000000001000001001000001000000000000000010000010000000010000000000
000001000001000010000000000000000000010000010000010000100000000000000000000100001100001000000000000000000001000001000010000000000000
000000100000100000000100000000000000001000001000001000000001000000000000000010000010010000010000000000000000100000100000000100000000
000000010000010000100000000000000000000100000100000100001000000000000000000001000011000010000000000000000000010000010000100000000000
000000001000001000000001000000000000000010000010000010000000010000000000000000100000100100000100000000000000001000001000000001000000
000000000100000100001000000000000000000001000001000001000010000000000000000000010000110000100000000000000000000100000100001000000000
000000000010000010000000010000000000000000100000100000100000000100000000000000001000001001000001000000000000000010000010000000010000
000000000001000001000010000000000000000000010000010000010000100000000000000000000100001100001000000000000000000001000001000010000000
000000000000100000100000000100000100000000001000001000001000000001000000000000000010000010010000010000000000000000100000100000000000
000000000000010000010000100000000000000000000100000100000100001000000000000000000001000011000010000000000000000000010000010000100000
000000000000001000001000000001000001000000000010000010000010000000010000000000000000100000100100000100000000000000001000001000000000
000000000000000100000100001000001000000000000001000001000001000010000000000000000000010000110000100000000000000000000100000100000000
000000000000000010000010000000010000010000000000100000100000100000000100000000000000001000001001000001000000000000000010000010000000
000000000000000001000001000010000010000000000000010000010000010000100000000000000000000100001100001000000000000000000001000001000000
010000000000000000100000100000000000000100000000001000001000001001000001000000000000000010000010000000010000000000000000100000100000
000000000000000000010000010000100000100000000000000100000100000100001000000000000000000001000011000010000000000000000000010000010000
000100000000000000001000001000001000000001000000000010000010000010010000010000000000000000100000100000000100000000000000001000000000
100000000000000000000100000100000100001000000000000001000001000011000010000000000000000000010000010000100000000000000000000100000000
000001000000000000000010000010000010000000010000000000100000100000100100000100000000000000001000001000000001000000000000000010000000
001000000000000000000001000001000001000010000000000000010000010000110000100000000000000000000100000100001000000000000000000001000000
000000010000001010000000000000000000000000000110000010100000000000000001000001001000101000000000000000000000010010001010000000000000
000010000000000101000000000000000000000000100001000001010000000000001000001000000100010100000000000000000010000001000101000000000000
000000000100000010100000000000000000000000000001100000101000000000000000010000010010001010000000000000000000000100100010100000000000
000000100000000001010000000000000000000000001000010000010100000000000010000010000001000101000000000000000000100000010001010000000000
000000000001000000101000000000000000000000000000011000001010000000000000000100000100100010100000000000000000000001001000101000000000
000000001000000000010100000000000000000000000010000100000101000000000000100000100000010001010000000000000000001000000100010100000000
000000000000010000001010000000000000000000000000000110000010100000000000000001000001001000101000000000000000000000010010001010000000
000000000010000000000101000000000000000000000000100001000001010000000000001000001000000100010100000000000000000010000001000101000000
000000000000000100000010100000000000000000000000000001100000101000000000000000010000010010001010000000000000000000000100100010100000
000000000000100000000001010000000000000000000000001000010000010100000000000010000010000001000101000000000000000000100000010001010000
000000000000000001000000101000001000000000000000000000011000001010000000000000000100000100100010100000000000000000000001001000100000
000000000000001000000000010100000100000000000000000010000100000101000000000000100000100000010001010000000000000000001000000100010000
000000000000000000010000001010001010000000000000000000000110000010100000000000000001000001001000101000000000000000000000010010000000
000000000000000010000000000101000101000000000000000000100001000001010000000000001000001000000100010100000000000000000010000001000000
000000000000000000000100000010100010100000000000000000000001100000101000000000000000010000010010001010000000000000000000000100100000
000000000000000000100000000001010001010000000000000000001000010000010100000000000010000010000001000101000000000000000000100000010000
100000000000000000000001000000100000101000000000000000000000011010001010000000000000000100000100100010100000000000000000000001001000
010000000000000000001000000000010000010100000000000000000010000101000101000000000000100000100000010001010000000000000000001000000100
101000000000000000000000010000001000001010000000000000000000000100100010100000000000000001000001001000101000000000000000000000010010
010100000000000000000010000000000100000101000000000000000000100000010001010000000000001000001000000100010100000000000000000010000001
001010000000000000000000000100000110000010100000000000000000000001001000101000000000000000010000010010001010000000000000000000000000
000101000000000000000000100000000001000001010000000000000000001000000100010100000000000010000010000001000101000000000000000000100000
000010100000000000000000000001000001100000101000000000000000000000010010001010000000000000000100000100100010100000000000000000000000
000001010000000000000000001000001000010000010100000000000000000010000001000101000000000000100000100000010001010000000000000000000000
000000101000000000000000000000010000011000001010000000000000000000000100100010100000000000000001000001001000101000000000000000000000
000000010100000000000000000010000010000100000101000000000000000000100000010001010000000000001000001000000100010100000000000000000000
010000001010000000000000000000000000000110000010100000000000000001000001001000101000000000000000000000010010001010000000000000000000
000000000101000000000000000000100000100001000001010000000000000000001000000100010100000000000010000010000001000101000000000000000000
000100000010100000000000000000000000000001100000101000000000000000010000010010001010000000000000000000000100100010100000000000000000
100000000001010000000000000000000000001000010000010100000000000010000010000001000101000000000000000000100000010001010000000000000000
000001000000101000000000000000000000000000011000001010000000000000000100000100100010100000000000000000000001001000101000000000000000
001000000000010100000000000000000000000010000100000101000000000000100000100000010001010000000000000000001000000100010100000000000000
010000000000000000001000000001000001000100000000000000000010000001010001000000000000000000100100000100010000000000000000001001000000
000000000000000000000100001000101000100000000000000000000001000010001000000000000000000000110010100010000000000000000000001100000000
000100000000000000000010000000010000010001000000000000000000100000010100010000000000000000001001000001000100000000000000000010010000
100000000000000000000001000010000010001000000000000000000000010010100010000000000000000000001100001000100000000000000000000011000000
010001000000000000000000100000000000000100010000000000000000001001000101000100000000000000000010010000010001000000000000000000100100
001000000000000000000000010000100000100010000000000000000000000100101000100000000000000000000011000010001000000000000000000000110000
000100010000000000000000001000001000000001000100000000000000000010010001010001000000000000000000100100000100010000000000000000000001
100010000000000000000000000100000100001000100000000000000000000011001010001000000000000000000000110000100010000000000000000000001000
000001000100000000000000000010000010000000010001000000000000000000100100010100010000000000000000001001000001000100000000000000000000
001000100000000000000000000001000001000010001000000000000000000000110010100010000000000000000000001100001000100000000000000000000010
000000010001000000000000000000100000100000000100010000000000000000001001000101000100000000000000000010010000010001000000000000000000
000010001000000000000000000000010000010000100010000000000000000000001100101000100000000000000000000011000010001000000000000000000000
100000000100010000000000000000000000001000000001000100000000000000000010010001010001000000000000000000100100000100010000000000000000
010000100010000000000000000000000000000100001000100000000000000000000011001010001000000000000000000000110000100010000000000000000000
001000000001000100000000000000000000000010000000010001000000000000000000100100010100010000000000000000001001000001000100000000000000
000100001000100000000000000000000000000001000010001000000000000000000000110010100010000000000000000000001100001000100000000000000000
000010000000010001000000000000000000000000100000000100010000000000000000001001000101000100000000000000000010010000010001000000000000
000001000010001000000000000000000000000000010000100010000000000000000000001100101000100000000000000000000011000010001000000000000000
000000100000000100010000000000000000000000001000000001000100000000000000000010010001010001000000000000000000100100000100010000000000
000000010000100010000000000000000000000000000100001000100000000000000000000011001010001000000000000000000000110000100010000000000000
000000001000000001000100000000000000000000000010000000010001000000000000000000100100010100010000000000000000001001000001000100000000
000000000100001000100000000000000000000000000001000010001000000000000000000000110010100010000000000000000000001100001000100000000000
000000000010000000010001000000000000000000000000100000000100010000000000000000001001000101000100000000000000000010010000010001000000
000000000001000010001000000000000000000000000000010000100010000000000000000000001100101000100000000000000000000011000010001000000000
000000000000100000000100010000000000000000000000001000000001000100000000000000000010010001010001000000000000000000100100000100010000
000000000000010000100010000000000000000000000000000100001000100000000000000000000011001010001000000000000000000000110000100010000000
000000000000001000000001000100000100000000000000000010000000010001000000000000000000100100010100010000000000000000001001000001000000
000000000000000100001000100000000000000000000000000001000010001000000000000000000000110010100010000000000000000000001100001000100000
000000000000000010000000010001000001000000000000000000100000000100010000000000000000001001000101000100000000000000000010010000010000
000000000000000001000010001000001000000000000000000000010000100010000000000000000000001100101000100000000000000000000011000010000000
000000000000000000100000000100010100010000000000000000001000000001000100000000000000000010010001010001000000000000000000100100000000
000000000000000000010000100010000010000000000000000000000100001000100000000000000000000011001010001000000000000000000000110000100000
000000000010000000010100000000000000000000000000100100000101000000000000001000001000000001010000000000000000000010000000010100000000
000000000001000010100000000000000000000000000000110000101000000000000000000100000100001010000000000000000000000001000010100000000000
000000000000100000000101000000000000000000000000001001000001010000000000000010000010000000010100000000000000000000100000000101000000
000000000000010000101000000000000000000000000000001100001010000000000000000001000001000010100000000000000000000000010000101000000000
000000000000001000000001010000000000000000000000000010010000010100000000000000100000100000000101000000000000000000001000000001010000
000000000000000100001010000000000000000000000000000011000010100000000000000000010000010000101000000000000000000000000100001010000000
000000000000000010000000010100000100000000000000000000100100000101000000000000001000001000000001010000000000000000000010000000010000
000000000000000001000010100000000000000000000000000000110000101000000000000000000100000100001010000000000000000000000001000010100000
000000000000000000100000000101000101000000000000000000001001000001010000000000000010000010000000010100000000000000000000100000000000
000000000000000000010000101000001000000000000000000000001100001010000000000000000001000001000010100000000000000000000000010000100000
000000000000000000001000000001010001010000000000000000000010010000010100000000000000100000100000000101000000000000000000001000000000
000000000000000000000100001010001010000000000000000000000011000010100000000000000000010000010000101000000000000000000000000100000000
010000000000000000000010000000010000010100000000000000000000100100000101000000000000001000001000000001010000000000000000000010000000
000000000000000000000001000010100010100000000000000000000000110000101000000000000000000100000100001010000000000000000000000001000000
010100000000000000000000100000000100000101000000000000000000001000000001010000000000000010000010000000010100000000000000000000100000
100000000000000000000000010000100000101000000000000000000000001100001010000000000000000001000001000010100000000000000000000000010000
000101000000000000000000001000001001000001010000000000000000000010000000010100000000000000100000100000000101000000000000000000000000
101000000000000000000000000100001100001010000000000000000000000001000010100000000000000000010000010000101000000000000000000000000000
000001010000000000000000000010000010010000010100000000000000000000100000000101000000000000001000001000000001010000000000000000000000
001010000000000000000000000001000011000010100000000000000000000000010000101000000000000000000100000100001010000000000000000000000000
000000010100000000000000000000100000100100000101000000000000000000001000000001010000000000000010000010000000010100000000000000000000
000010100000000000000000000000010000110000101000000000000000000000000100001010000000000000000001000001000010100000000000000000000000
100000000101000000000000000000000000001001000001010000000000000010000010000000010100000000000000000000100000000101000000000000000000
010000101000000000000000000000000000001100001010000000000000000001000001000010100000000000000000000000010000101000000000000000000000
001000000001010000000000000000000000000010010000010100000000000000100000100000000101000000000000000000001000000001010000000000000000
000100001010000000000000000000000000000011000010100000000000000000010000010000101000000000000000000000000100001010000000000000000000
000010000000010100000000000000000000000000100100000101000000000000001000001000000001010000000000000000000010000000010100000000000000
000001000010100000000000000000000000000000110000101000000000000000000100000100001010000000000000000000000001000010100000000000000000
000000100000000101000000000000000000000000001001000001010000000000000010000010000000010100000000000000000000100000000101000000000000
000000010000101000000000000000000000000000001100001010000000000000000001000001000010100000000000000000000000010000101000000000000000
000000001000000001010000000000000000000000000010010000010100000000000000100000100000000101000000000000000000001000000001010000000000
000000000100001010000000000000000000000000000011000010100000000000000000010000010000101000000000000000000000000100001010000000000000
010000000000000000011000000000000100000100000000000000000110000000000001000000000000100001100000000000010000000000001000011000000000
000000000000000010000100000000100000100000000000000000100001001000001000000000000000011000010000000010000000000000000110000100000000
000100000000000000000110000000000001000001000000000000000001100000000000010000000000001000011000000000000100000000000010000110000000
100000000000000000100001000000001000001000000000000000001000010000000010000000000000000110000100000000100000000000000001100001000000
000001000000000000000001100000000000010000010000000000000000011000000000000100000000000010000110000000000001000000000000100001100000
001000000000000000001000010000000010000010000000000000000010000100000000100000000000000001100001000000001000000000000000011000010000
000000010000000000000000011000001000000100000100000000000000000110000000000001000000000000100001100000000000010000000000001000010000
000010000000000000000010000100000100100000100000000000000000100001000000001000000000000000011000010000000010000000000000000110000000
000000000100000000000000000110000110000001000001000000000000000001100000000000010000000000001000011000000000000100000000000010000000
000000100000000000000000100001000001001000001000000000000000001000010000000010000000000000000110000100000000100000000000000001100000
000000000001000000000000000001100001100000010000010000000000000000011000000000000100000000000010000110000000000001000000000000100000
000000001000000000000000001000011000010010000010000000000000000010000100000000100000000000000001100001000000001000000000000000010000
100000000000010000000000000000010000011000000100000100000000000010000110000000000001000000000000100001100000000000010000000000001000
010000000010000000000000000010000010000100100000100000000000000001100001000000001000000000000000011000010000000010000000000000000100
011000000000000100000000000000000000000110000001000001000000000000100001100000000000010000000000001000011000000000000100000000000010
000100000000100000000000000000100000100001001000001000000000000000011000010000000010000000000000000110000100000000100000000000000001
000110000000000001000000000000000000000001100000010000010000000000001000011000000000000100000000000010000110000000000001000000000000
100001000000001000000000000000000000001000010010000010000000000000000110000100000000100000000000000001100001000000001000000000000000
000001100000000000010000000000000000000000011000000100000100000000000010000110000000000001000000000000100001100000000000010000000000
001000010000000010000000000000000000000010000100100000100000000000000001100001000000001000000000000000011000010000000010000000000000
000000011000000000000100000000000000000000000110000001000001000000000000100001100000000000010000000000001000011000000000000100000000
000010000100000000100000000000000000000000100001001000001000000000000000011000010000000010000000000000000110000100000000100000000000
000000000110000000000001000000000000000000000001100000010000010000000000001000011000000000000100000000000010000110000000000001000000
000000100001000000001000000000000000000000001000010010000010000000000000000110000100000000100000000000000001100001000000001000000000
000000000001100000000000010000000000000000000000011000000100000100000000000010000110000000000001000000000000100001100000000000010000
000000001000010000000010000000000000000000000010000100100000100000000000000001100001000000001000000000000000011000010000000010000000
000000000000011000000000000100000100000000000000000110000001000001000000000000100001100000000000010000000000001000011000000000000000
000000000010000100000000100000000000000000000000100001001000001000000000000000011000010000000010000000000000000110000100000000100000
000000000000000110000000000001000001000000000000000001100000010000010000000000001000011000000000000100000000000010000110000000000000
000000000000100001000000001000001000000000000000001000010010000010000000000000000110000100000000100000000000000001100001000000000000
000000000000000001100000000000010000010000000000000000011000000100000100000000000010000110000000000001000000000000100001100000000000
000000000000001000010000000010000010000000000000000010000100100000100000000000000001100001000000001000000000000000011000010000000000
000000000000000000000000000100000100000000000000000000000000000001000000000000000000000000011000010000000000000000000000000010000000
000000000000000000000000100000000000000000000000000000000000001000000000000000000000000010000110000000000000000000000000000001100000
000000000000000000000000000001000001000000000000000000000000000000010000000000000000000000000110000100000000000000000000000000100000
000000000000000000000000001000001000000000000000000000000000000010000000000000000000000000100001100000000000000000000000000000010000
000000000000000000000000000000010000010000000000000000000000000010000100000000000000000000000001100001000000000000000000000000001000
000000000000000000000000000010000010000000000000000000000000000001100000000000000000000000001000011000000000000000000000000000000100
010000000000000000000000000000000000000100000000000000000000000001100001000000000000000000000000001000010000000000000000000000000010
000000000000000000000000000000100000100000000000000000000000000000011000000000000000000000000010000110000000000000000000000000000001
000100000000000000000000000000000000000001000000000000000000000000011000010000000000000000000000000010000100000000000000000000000000
100000000000000000000000000000000000001000000000000000000000000010000110000000000000000000000000000001100000000000000000000000000000
000001000000000000000000000000000000000000010000000000000000000000000110000100000000000000000000000000100001000000000000000000000000
001000000000000000000000000000000000000010000000000000000000000000100001100000000000000000000000000000011000000000000000000000000000
000000010000000000000000000000000000000000000100000000000000000000000001100001000000000000000000000000001000010000000000000000000000
000010000000000000000000000000000000000000100000000000000000000000001000011000000000000000000000000000000110000000000000000000000000
000000000100000000000000000000000000000000000001000000000000000000000000011000010000000000000000000000000010000100000000000000000000
000000100000000000000000000000000000000000001000000000000000000000000010000110000000000000000000000000000001100000000000000000000000
000000000001000000000000000000000000000000000000010000000000000000000000000110000100000000000000000000000000100001000000000000000000
000000001000000000000000000000000000000000000010000000000000000000000000100001100000000000000000000000000000011000000000000000000000
000000000000010000000000000000000000000000000000000100000000000000000000000001100001000000000000000000000000001000010000000000000000
000000000010000000000000000000000000000000000000100000000000000000000000001000011000000000000000000000000000000110000000000000000000
000000000000000100000000000000000000000000000000000001000000000000000000000000011000010000000000000000000000000010000100000000000000
000000000000100000000000000000000000000000000000001000000000000000000000000010000110000000000000000000000000000001100000000000000000
000000000000000001000000000000000000000000000000000000010000000000000000000000000110000100000000000000000000000000100001000000000000
000000000000001000000000000000000000000000000000000010000000000000000000000000100001100000000000000000000000000000011000000000000000
000000000000000000010000000000000000000000000000000000000100000000000000000000000001100001000000000000000000000000001000010000000000
000000000000000010000000000000000000000000000000000000100000000000000000000000001000011000000000000000000000000000000110000000000000
000000000000000000000100000000000000000000000000000000000001000000000000000000000000011000010000000000000000000000000010000100000000
000000000000000000100000000000000000000000000000000000001000000000000000000000000010000110000000000000000000000000000001100000000000
000000000000000000000001000000000000000000000000000000000000010000000000000000000000000110000100000000000000000000000000100001000000
000000000000000000001000000000000000000000000000000000000010000000000000000000000000100001100000000000000000000000000000011000000000
000000000000000000000000010000000000000000000000000000000000000100000000000000000000000001100001000000000000000000000000001000010000
000000000000000000000010000000000000000000000000000000000000100000000000000000000000001000011000000000000000000000000000000110000000
001000100000000000000000000000010010010010001000000000000000000000000100100010000000000000000001000001001000100000000000000000010000
000100010000000000000000000010000011000001000100000000000000000000100000010001000000000000001000001000000100010000000000000010000000
010010001000000000000000000000000000100100100010000000000000000001000001001000100000000000000000010000010010001000000000000000000100
000001000100000000000000000000100000110000010001000000000000000000001000000100010000000000000010000010000001000100000000000000100000
000100100010000000000000000000000000001001001000100000000000000000010000010010001000000000000000000100000100100010000000000000000001
100000010001000000000000000000000000001100000100010000000000000010000010000001000100000000000000100000100000010001000000000000001000
000001001000100000000000000000000000000010010010001000000000000000000100000100100010000000000000000001000001001000100000000000000000
001000000100010000000000000000000000000011000001000100000000000000100000100000010001000000000000001000001000000100010000000000000010
000000010010001000000000000000000000000000100100100010000000000000000001000001001000100000000000000000010000010010001000000000000000
000010000001000100000000000000000000000000110000010001000000000000001000001000000100010000000000000010000010000001000100000000000000
000000000100100010000000000000000000000000001001001000100000000000000000010000010010001000000000000000000100000100100010000000000000
000000100000010001000000000000000000000000001100000100010000000000000010000010000001000100000000000000100000100000010001000000000000
000000000001001000100000000000000000000000000010010010001000000000000000000100000100100010000000000000000001000001001000100000000000
000000001000000100010000000000000000000000000011000001000100000000000000100000100000010001000000000000001000001000000100010000000000
000000000000010010001000000000000000000000000000100100100010000000000000000001000001001000100000000000000000010000010010001000000000
000000000010000001000100000000000000000000000000110000010001000000000000001000001000000100010000000000000010000010000001000100000000
000000000000000100100010000000000000000000000000001001001000100000000000000000010000010010001000000000000000000100000100100010000000
000000000000100000010001000000000000000000000000001100000100010000000000000010000010000001000100000000000000100000100000010001000000
000000000000000001001000100000000000000000000000000010010010001000000000000000000100000100100010000000000000000001000001001000100000
000000000000001000000100010000000000000000000000000011000001000100000000000000100000100000010001000000000000001000001000000100010000
000000000000000000010010001000001000000000000000000000100100100010000000000000000001000001001000100000000000000000010000010010000000
000000000000000010000001000100000100000000000000000000110000010001000000000000001000001000000100010000000000000010000010000001000000
000000000000000000000100100010000010000000000000000000001001001000100000000000000000010000010010001000000000000000000100000100100000
000000000000000000100000010001000001000000000000000000001100000100010000000000000010000010000001000100000000000000100000100000010000
000000000000000000000001001000101000100000000000000000000010010010001000000000000000000100000100100010000000000000000001000001000000
000000000000000000001000000100010100010000000000000000000011000001000100000000000000100000100000010001000000000000001000001000000000
100000000000000000000000010010000010001000000000000000000000100100100010000000000000000001000001001000100000000000000000010000010000
010000000000000000000010000001000001000100000000000000000000110000010001000000000000001000001000000100010000000000000010000010000000
001000000000000000000000000100100100100010000000000000000000001001001000100000000000000000010000010010001000000000000000000100000000
000100000000000000000000100000010000010001000000000000000000001100000100010000000000000010000010000001000100000000000000100000100000
100010000000000000000000000001001001001000100000000000000000000000010010001000000000000000000100000100100010000000000000000001000000
010001000000000000000000001000001100000100010000000000000000000010000001000100000000000000100000100000010001000000000000001000000000
000010000000000000010010000000010000110000100000000000000100100000000100001000000000001001001001000001000010000000000000010010010000
000001000000000010000001000010000010010000010000000000100000010000100000000100000000001100001100001000000001000000000010000011000000
010000100000000000000100100000000000001100001000000000000001001001000001000010000000000010010010010000010000100000000000000100100100
000000010000000000100000010000100000100100000100000000001000000100001000000001000000000011000011000010000000010000000000100000110000
000100001000000000000001001000001000000011000010000000000000010010010000010000100000000000100100100100000100001000000000000001000001
100000000100000000001000000100000100001001000001000000000010000011000010000000010000000000110000110000100000000100000000001000001000
000001000010000000000000010010000010000000110000100000000000000100100100000100001000000000001001001001000001000010000000000000010000
001000000001000000000010000001000001000010010000010000000000100000110000100000000100000000001100001100001000000001000000000010000010
000000010000100000000000000100100100100000001100001000000000000001001001000001000010000000000010010010010000010000100000000000000000
000010000000010000000000100000010000010000100100000100000000001000001100001000000001000000000011000011000010000000010000000000100000
100000000100001000000000000001000001001000000011000010000000000010010010010000010000100000000000000100100100000100001000000000000000
010000100000000100000000001000001000000100001001000001000000000011000011000010000000010000000000100000110000100000000100000000000000
001000000001000010000000000000010000010010000000110000100000000000100100100100000100001000000000000001001001000001000010000000000000
000100001000000001000000000010000010000001000010010000010000000000110000110000100000000100000000001000001100001000000001000000000000
010010000000010000100000000000000000000100100000001100001000000000001001001001000001000010000000000000010010010000010000100000000000
000001000010000000010000000000100000100000010000100100000100000000001100001100001000000001000000000010000011000010000000010000000000
000100100000000100001000000000000000000001001000000011000010000000000010010010010000010000100000000000000100100100000100001000000000
100000010000100000000100000000000000001000000100001001000001000000000011000011000010000000010000000000100000110000100000000100000000
000001001000000001000010000000000000000000010010000000110000100000000000100100100100000100001000000000000001001001000001000010000000
001000000100001000000001000000000000000010000001000010010000010000000000110000110000100000000100000000001000001100001000000001000000
000000010010000000010000100000000000000000000100100000001100001000000000001001001001000001000010000000000000010010010000010000100000
000010000001000010000000010000000000000000100000010000100100000100000000001100001100001000000001000000000010000011000010000000010000
000000000100100000000100001000001000000000000001001000000011000010000000000010010010010000010000100000000000000100100100000100000000
000000100000010000100000000100000100000000001000000100001001000001000000000011000011000010000000010000000000100000110000100000000000
000000000001001000000001000010000010000000000000010010000000110000100000000000100100100100000100001000000000000001001001000001000000
000000001000000100001000000001000001000000000010000001000010010000010000000000110000110000100000000100000000001000001100001000000000
000000000000010010000000010000100000100000000000000100100000001100001000000000001001001001000001000010000000000000010010010000010000
000000000010000001000010000000010000010000000000100000010000100100000100000000001100001100001000000001000000000010000011000010000000
100000000000000100100000000100001100001000000000000001001000000001000010000000000010010010010000010000100000000000000100100100000000
010000000000100000010000100000000100000100000000001000000100001000000001000000000011000011000010000000010000000000100000110000100000
001000000000000001001000000001000011000010000000000000010010000000010000100000000000100100100100000100001000000000000001001001000000
000100000000001000000100001000001001000001000000000010000001000010000000010000000000110000110000100000000100000000001000001100000000
000000000000000000000000101000101000100000000000000000000000000010001000000000000000000010100010100010000000000000000000001000100000
000000000000000000000000010100010100010000000000000000000000000001000100000000000000000001010001010001000000000000000000000100010000
100000000000000000000000001010000010001000000000000000000000000010100010000000000000000000101000101000100000000000000000000010000000
010000000000000000000000000101000001000100000000000000000000000001010001000000000000000000010100010100010000000000000000000001000000
001000000000000000000000000010100000100010000000000000000000000000101000100000000000000000001010001010001000000000000000000000100000
000100000000000000000000000001010000010001000000000000000000000000010100010000000000000000000101000101000100000000000000000000010000
100010000000000000000000000000100000001000100000000000000000000010001010001000000000000000000010100010100010000000000000000000001000
010001000000000000000000000000010000000100010000000000000000000001000101000100000000000000000001010001010001000000000000000000000100
101000100000000000000000000000000000000010001000000000000000000010100010100010000000000000000000001000101000100000000000000000000010
010100010000000000000000000000000000000001000100000000000000000001010001010001000000000000000000000100010100010000000000000000000001
001010001000000000000000000000000000000000100010000000000000000000101000101000100000000000000000000010001010001000000000000000000000
000101000100000000000000000000000000000000010001000000000000000000010100010100010000000000000000000001000101000100000000000000000000
000010100010000000000000000000000000000000001000100000000000000000001010001010001000000000000000000000100010100010000000000000000000
000001010001000000000000000000000000000000000100010000000000000000000101000101000100000000000000000000010001010001000000000000000000
000000101000100000000000000000000000000000000010001000000000000000000010100010100010000000000000000000001000101000100000000000000000
000000010100010000000000000000000000000000000001000100000000000000000001010001010001000000000000000000000100010100010000000000000000
000000001010001000000000000000000000000000000000100010000000000000000000101000101000100000000000000000000010001010001000000000000000
000000000101000100000000000000000000000000000000010001000000000000000000010100010100010000000000000000000001000101000100000000000000
000000000010100010000000000000000000000000000000001000100000000000000000001010001010001000000000000000000000100010100010000000000000
000000000001010001000000000000000000000000000000000100010000000000000000000101000101000100000000000000000000010001010001000000000000
000000000000101000100000000000000000000000000000000010001000000000000000000010100010100010000000000000000000001000101000100000000000
000000000000010100010000000000000000000000000000000001000100000000000000000001010001010001000000000000000000000100010100010000000000
000000000000001010001000000000000000000000000000000000100010000000000000000000101000101000100000000000000000000010001010001000000000
000000000000000101000100000000000000000000000000000000010001000000000000000000010100010100010000000000000000000001000101000100000000
000000000000000010100010000000000000000000000000000000001000100000000000000000001010001010001000000000000000000000100010100010000000
000000000000000001010001000000000000000000000000000000000100010000000000000000000101000101000100000000000000000000010001010001000000
000000000000000000101000100000000000000000000000000000000010001000000000000000000010100010100010000000000000000000001000101000100000
000000000000000000010100010000000000000000000000000000000001000100000000000000000001010001010001000000000000000000000100010100010000
000000000000000000001010001000001000000000000000000000000000100010000000000000000000101000101000100000000000000000000010001010000000
000000000000000000000101000100000100000000000000000000000000010001000000000000000000010100010100010000000000000000000001000101000000
000000000000000000000010100010000010000000000000000000000000001000100000000000000000001010001010001000000000000000000000100010100000
000000000000000000000001010001000001000000000000000000000000000100010000000000000000000101000101000100000000000000000000010001010000
001010000000000001000100000000000000100010100000000000010001000000100000101000000100000100010000000000001010000001000001000100000000
000101000000001000100000000000000000010001010000000010001000000000010000010100100000100010000000000000000101001000001000100000000000
000010100000000000010001000000000000001000101000000000000100010000001000001010000001000001000100000000000010100000010000010001000000
000001010000000010001000000000000000000100010100000000100010000000000100000101001000001000100000000000000001010010000010001000000000
000000101000000000000100010000000000000010001010000000000001000100000010000010100000010000010001000000000000101000000100000100010000
000000010100000000100010000000000000000001000101000000001000100000000001000001010010000010001000000000000000010100100000100010000000
000000001010000000000001000100000100000000100010100000000000010001000000100000101000000100000100010000000000001010000001000001000000
000000000101000000001000100000000000000000010001010000000010001000000000010000010100100000100010000000000000000101001000001000100000
000000000010100000000000010001000001000000001000101000000000000100010000001000001010000001000001000100000000000010100000010000010000
000000000001010000000010001000001000000000000100010100000000100010000000000100000101001000001000100000000000000001010010000010000000
000000000000101000000000000100010100010000000010001010000000000001000100000010000010100000010000010001000000000000101000000100000000
000000000000010100000000100010000010000000000001000101000000001000100000000001000001010010000010001000000000000000010100100000100000
010000000000001010000000000001000001000100000000100010100000000000010001000000100000101000000100000100010000000000001010000001000000
000000000000000101000000001000101000100000000000010001010000000010001000000000010000010100100000100010000000000000000101001000000000
000100000000000010100000000000010000010001000000001000101000000000000100010000001000001010000001000001000100000000000010100000010000
100000000000000001010000000010000010001000000000000100010100000000100010000000000100000101001000001000100000000000000001010010000000
010001000000000000101000000000000000000100010000000010001010000001000001000100000010000010100000010000010001000000000000101000000100
001000000000000000010100000000100000100010000000000001000101000000001000100000000001000001010010000010001000000000000000010100100000
000100010000000000001010000000000000000001000100000000100010100000010000010001000000100000101000000100000100010000000000001010000001
100010000000000000000101000000000000001000100000000000010001010010000010001000000000010000010100100000100010000000000000000101001000
000001000100000000000010100000000000000000010001000000001000101000000100000100010000001000001010000001000001000100000000000010100000
001000100000000000000001010000000000000010001000000000000100010100100000100010000000000100000101001000001000100000000000000001010010
000000010001000000000000101000001000000000000100010000000010001010000001000001000100000010000010100000010000010001000000000000100000
000010001000000000000000010100000100000000100010000000000001000101001000001000100000000001000001010010000010001000000000000000010000
000000000100010000000000001010001010000000000001000100000000100010100000010000010001000000100000101000000100000100010000000000000000
000000100010000000000000000101000101000000001000100000000000010001010010000010001000000000010000010100100000100010000000000000000000
000000000001000100000000000010100010100000000000010001000000001000101000000100000100010000001000001010000001000001000100000000000000
000000001000100000000000000001010001010000000010001000000000000100010100100000100010000000000100000101001000001000100000000000000000
100000000000010001000000000000101000101000000000000100010000000000001010000001000001000100000010000010100000010000010001000000000000
010000000010001000000000000000010100010100000000100010000000000000000101001000001000100000000001000001010010000010001000000000000000
101000000000000100010000000000000010001010000000000001000100000010000010100000010000010001000000000000101000000100000100010000000000
010100000000100010000000000000000001000101000000001000100000000001000001010010000010001000000000000000010100100000100010000000000000
001000000000100001000000000100000100000010000000011000010000000001100000100010000010000100000000011000001000000000100001000000000010
000100000000011000000000100000000000000001000010000110000000001000010000010001000001100000000010000100000100000000011000000000100001
000010000000001000010000000001000001000000100000000110000100000000011000001000100000100001000000000110000010000000001000010000000000
000001000000000110000000001000001000000000010000100001100000000010000100000100010000011000000000100001000001000000000110000000000000
000000100000000010000100000000010000010000001000000001100001000000000110000010001000001000010000000001100000100000000010000100000000
000000010000000001100000000010000010000000000100001000011000000000100001000001000100000110000000001000010000010000000001100000000000
010000001000000000100001000000000000000100000010000000011000010000000001100000100010000010000100000000011000001000000000100001000000
000000000100000000011000000000100000100000000001000010000110000000001000010000010001000001100000000010000100000100000000011000000000
000100000010000000001000010000000000000001000000100000000110000100000000011000001000100000100001000000000110000010000000001000010000
100000000001000000000110000000000000001000000000010000100001100000000010000100000100010000011000000000100001000001000000000110000000
000001000000100000000010000100000100000000010000001000000001100001000000000110000010001000001000010000000001100000100000000010000000
001000000000010000000001100000000000000010000000000100001000011000000000100001000001000100000110000000001000010000010000000001100000
000000010000001000000000100001000001000000000100000010000000011000010000000001100000100010000010000100000000011000001000000000100000
000010000000000100000000011000001000000000100000000001000010000110000000001000010000010001000001100000000010000100000100000000010000
000000000100000010000000001000011000010000000001000000100000000110000100000000011000001000100000100001000000000110000010000000000000
000000100000000001000000000110000110000000001000000000010000100001100000000010000100000100010000011000000000100001000001000000000000
010000000001000000100000000010000110000100000000010000001000000000100001000000000110000010001000001000010000000001100000100000000000
000000001000000000010000000001100001100000000010000000000100001000011000000000100001000001000100000110000000001000010000010000000000
000100000000010000001000000000100001100001000000000100000010000000001000010000000001100000100010000010000100000000011000001000000000
100000000010000000000100000000011000011000000000100000000001000000000110000000001000010000010001000001100000000010000100000100000000
100001000000000100000010000000000000011000010000000001000000100010000010000100000000011000001000000000100001000000000110000010000000
011000000000100000000001000000000010000110000000001000000000010001000001100000000010000100000100000000011000000000100001000001000000
001000010000000001000000100000000000000110000100000000010000001000100000100001000000000110000010000000001000010000000001100000100000
000110000000001000000000010000000000100001100000000010000000000100010000011000000000100001000001000000000110000000001000010000010000
000010000100000000010000001000001000000001100001000000000100000010001000001000010000000001100000100000000010000100000000011000000000
000001100000000010000000000100000100001000011000000000100000000001000100000110000000001000010000010000000001100000000010000100000000
000000100001000000000100000010000010000000011000010000000001000000100010000010000100000000011000001000000000100001000000000110000000
000000011000000000100000000001000001000010000110000000001000000000010001000001100000000010000100000100000000011000000000100001000000
000000001000010000000001000000100000100000000110000100000000010000001000100000100001000000000110000010000000001000010000000001100000
000000000110000000001000000000010000010000100001100000000010000000000100010000011000000000100001000001000000000110000000001000010000
100000000010000100000000010000000000001000000001100001000000000110000010001000001000010000000001100000100000000010000100000000011000
010000000001100000000010000000000000000100001000011000000000100001000001000100000110000000001000010000010000000001100000000010000100
000000000000000000000000010010000010000100000000000000000000000100100001000000000000000001000001001000000000000000000000010000010000
000000000000000000000010000001000001100000000000000000000000100000011000000000000000001000001000000100000000000000000010000010000000
000000000000000000000000000100100100100001000000000000000000000001001000010000000000000000010000010010000000000000000000000100000000
000000000000000000000000100000010000011000000000000000000000001000000110000000000000000010000010000001000000000000000000100000100000
100000000000000000000000000001000001001000010000000000000000000000010010000100000000000000000100000100100000000000000000000001000000
010000000000000000000000001000001000000110000000000000000000000010000001100000000000000000100000100000010000000000000000001000000000
001000000000000000000000000000010000010010000100000000000000000000000100100001000000000000000001000001001000000000000000000000010000
000100000000000000000000000010000010000001100000000000000000000000100000011000000000000000001000001000000100000000000000000010000000
010010000000000000000000000000000000000100100001000000000000000001000001001000010000000000000000010000010010000000000000000000000100
000001000000000000000000000000100000100000011000000000000000000000001000000110000000000000000010000010000001000000000000000000100000
000100100000000000000000000000000000000001001000010000000000000000010000010010000100000000000000000100000100100000000000000000000001
100000010000000000000000000000000000001000000110000000000000000010000010000001100000000000000000100000100000010000000000000000001000
000001001000000000000000000000000000000000010010000100000000000000000100000100100001000000000000000001000001001000000000000000000000
001000000100000000000000000000000000000010000001100000000000000000100000100000011000000000000000001000001000000100000000000000000010
000000010010000000000000000000000000000000000100100001000000000000000001000001001000010000000000000000010000010010000000000000000000
000010000001000000000000000000000000000000100000011000000000000000001000001000000110000000000000000010000010000001000000000000000000
000000000100100000000000000000000000000000000001001000010000000000000000010000010010000100000000000000000100000100100000000000000000
000000100000010000000000000000000000000000001000000110000000000000000010000010000001100000000000000000100000100000010000000000000000
000000000001001000000000000000000000000000000000010010000100000000000000000100000100100001000000000000000001000001001000000000000000
000000001000000100000000000000000000000000000010000001100000000000000000100000100000011000000000000000001000001000000100000000000000
000000000000010010000000000000000000000000000000000100100001000000000000000001000001001000010000000000000000010000010010000000000000
000000000010000001000000000000000000000000000000100000011000000000000000001000001000000110000000000000000010000010000001000000000000
000000000000000100100000000000000000000000000000000001001000010000000000000000010000010010000100000000000000000100000100100000000000
000000000000100000010000000000000000000000000000001000000110000000000000000010000010000001100000000000000000100000100000010000000000
000000000000000001001000000000000000000000000000000000010010000100000000000000000100000100100001000000000000000001000001001000000000
000000000000001000000100000000000000000000000000000010000001100000000000000000100000100000011000000000000000001000001000000100000000
000000000000000000010010000000000100000000000000000000000100100001000000000000000001000001001000000000000000000000010000010010000000
000000000000000010000001000000000000000000000000000000100000011000000000000000001000001000000110000000000000000010000010000001000000
000000000000000000000100100000000001000000000000000000000001001000010000000000000000010000010010000000000000000000000100000100100000
000000000000000000100000010000001000000000000000000000001000000110000000000000000010000010000001000000000000000000100000100000010000
000000000000000000000001001000001000010000000000000000000000010010000100000000000000000100000100100000000000000000000001000001000000
000000000000000000001000000100000110000000000000000000000010000001100000000000000000100000100000010000000000000000001000001000000000
001000000001000000000001000000010000010010000000010000010000010000100100100000000100000000000101001001001000000001000000000001000010
000100001000000000001000000010000010000001000010000010000010000000110000010000100000000000101000001100000100001000000000001000000001
010010000000010000000000010000000000000100100000000100000100000101001001001000000001000000000001000010010010000000010000000000010000
000001000010000000000010000000100000100000010000100000100000100000001100000100001000000000001010000011000001000010000000000010000000
000100100000000100000000000100000100000001001000000001000001000001010010010010000000010000000000010000100100100000000100000000000000
100000010000100000000000100000000000001000000100001000001000001010000011000001000010000000000010000000110000010000100000000000100000
000001001000000001000000000001000001000000010010000000010000010000010100100100100000000100000000000100001001001000000001000000000000
001000000100001000000000001000001000000010000001000010000010000010100000110000010000100000000000100000001100000100001000000000000000
000000010010000000010000000000010000010000000100100000000100000100000101001001001000000001000000000001000010010010000000010000000000
000010000001000010000000000010000010000000100000010000100000100000101000001100000100001000000000001000000011000001000010000000000000
010000000100100000000100000000000100000100000001001000000001000000000001010010010010000000010000000000010000100100100000000100000000
000000100000010000100000000000100000100000001000000100001000001000001010000011000001000010000000000010000000110000010000100000000000
000100000001001000000001000000000001000001000000010010000000010000000000010100100100100000000100000000000100001001001000000001000000
100000001000000100001000000000001000001000000010000001000010000000000010100000110000010000100000000000100000001100000100001000000000
000001000000010010000000010000000000010000010000000100100000000100000000000101001001001000000001000000000001000010010010000000010000
001000000010000001000010000000000010000010000000100000010000100000000000101000001100000100001000000000001000000011000001000010000000
000000010000000100100000000100000100000100000100000001001000000001000000000001010010010010000000010000000000010000100100100000000000
000010000000100000010000100000000000100000100000001000000100001000000000001010000011000001000010000000000010000000110000010000100000
000000000100000001001000000001000001000001000001000000010010000000010000000000010100100100100000000100000000000100001001001000000000
000000100000001000000100001000001000001000001000000010000001000010000000000010100000110000010000100000000000100000001100000100000000
000000000001000000010010000000010000010000010000010000000100100000000100000000000101001001001000000001000000000001000010010010000000
000000001000000010000001000010000010000010000010000000100000010000100000000000101000001100000100001000000000001000000011000001000000
010000000000010000000100100000000000000100000100000100000001001000000001000000000001010010010010000000010000000000010000100100100000
000000000010000000100000010000100000100000100000100000001000000100001000000000001010000011000001000010000000000010000000110000010000
000100000000000100000001001000001000000001000001000001000000010010000000010000000000010100100100100000000100000000000100001001000000
100000000000100000001000000100000100001000001000001000000010000001000010000000000010100000110000010000100000000000100000001100000000
000001000000000001000000010010000010000000010000010000010000000100100000000100000000000101001001001000000001000000000001000010010000
001000000000001000000010000001000001000010000010000010000000100000010000100000000000101000001100000100001000000000001000000011000000
000000010000000000010000000100100100100000000100000100000100000001001000000001000000000001010010010010000000010000000000010000100000
000010000000000010000000100000010000010000100000100000100000001000000100001000000000001010000011000001000010000000000010000000110000
100000000100000000000100000001000001001000000001000001000001000010010010000000010000000000010100100100100000000100000000000100001000
010000100000000000100000001000001000000100001000001000001000000011000001000010000000000010100000110000010000100000000000100000000100
010010000000000100000000000010000110000100100000000001000000000000101001001000010000010000000000001000010010000100000100000000000000
000001000000100000000000000001100001100000010000001000000000001000011100000110000010000000000000000110000001100000100000000000000000
000100100000000001000000000000100001100001001000000000010000000000001010010010000100000100000000000010000100100001000001000000000000
100000010000001000000000000000011000011000000100000010000000000000000111000001100000100000000000000001100000011000001000000000000000
100001001000000000010000000000000000011000010010000000000100000000000010100100100001000001000000000000100001001000010000010000000000
011000000100000010000000000000000010000110000001000000100000000000000001110000011000001000000000000000011000000110000010000000000000
001000010010000000000100000000000000000110000100100000000001000000000000101001001000010000010000000000001000010010000100000100000000
000110000001000000100000000000000000100001100000010000001000000000000000011100000110000010000000000000000110000001100000100000000000
000010000100100000000001000000000000000001100001001000000000010000000000001010010010000100000100000000000010000100100001000001000000
000001100000010000001000000000000000001000011000000100000010000000000000000111000001100000100000000000000001100000011000001000000000
000000100001001000000000010000000000000000011000010010000000000100000000000010100100100001000001000000000000100001001000010000010000
000000011000000100000010000000000000000010000110000001000000100000000000000001110000011000001000000000000000011000000110000010000000
000000001000010010000000000100000100000000000110000100100000000001000000000000101001001000010000010000000000001000010010000100000000
000000000110000001000000100000000000000000100001100000010000001000000000000000011100000110000010000000000000000110000001100000100000
000000000010000100100000000001000001000000000001100001001000000000010000000000001010010010000100000100000000000010000100100001000000
000000000001100000010000001000001000000000001000011000000100000010000000000000000111000001100000100000000000000001100000011000000000
000000000000100001001000000000010000010000000000011000010010000000000100000000000010100100100001000001000000000000100001001000010000
000000000000011000000100000010000010000000000010000110000001000000100000000000000001110000011000001000000000000000011000000110000000
010000000000001000010010000000000000000100000000000110000100100001000001000000000000101001001000010000010000000000001000010010000100
000000000000000110000001000000100000100000000000100001100000010000001000000000000000011100000110000010000000000000000110000001100000
000100000000000010000100100000000000000001000000000001100001001000010000010000000000001010010010000100000100000000000010000100100001
100000000000000001100000010000000000001000000000001000011000000110000010000000000000000111000001100000100000000000000001100000011000
000001000000000000100001001000001000000000010000000000011000010010000100000100000000000010100100100001000001000000000000100001000000
001000000000000000011000000100000100000010000000000010000110000001100000100000000000000001110000011000001000000000000000011000000010
000000010000000000001000010010000010000000000100000000000110000100100001000001000000000000101001001000010000010000000000001000010000
000010000000000000000110000001000001000000100000000000100001100000011000001000000000000000011100000110000010000000000000000110000000
000000000100000000000010000100100100100000000001000000000001100001001000010000010000000000001010010010000100000100000000000010000000
000000100000000000000001100000010000010000001000000000001000011000000110000010000000000000000111000001100000100000000000000001100000
100000000001000000000000100001000001001000000000010000000000011010010010000100000100000000000010000100100001000001000000000000100000
010000001000000000000000011000001000000100000010000000000010000111000001100000100000000000000001100000011000001000000000000000010000
001000000000010000000000001000011000010010000000000100000000000110100100100001000001000000000000100001001000010000010000000000000000
000100000010000000000000000110000110000001000000100000000000100001110000011000001000000000000000011000000110000010000000000000000000
100000101000000000000010000000001000001000001010000000000000100000000000000010100000001000001000000000100000101000000010000010000000
010000010100000000000001000000000100000100000101000000000000010000000000000001010000000100000100000000010000010100000001000001000000
001000001010000000000000100000000010000010000010100000000000001000000000000000101000000010000010000000001000001010000000100000100000
000100000101000000000000010000000001000001000001010000000000000100000000000000010100000001000001000000000100000101000000010000010000
000010000010100000000000001000001000100000100000101000000000000010000000000000001010000000100000100000000010000010100000001000000000
000001000001010000000000000100000100010000010000010100000000000001000000000000000101000000010000010000000001000001010000000100000000
000000100000101000000000000010000010001000001000001010000000000000100000000000000010100000001000001000000000100000101000000010000000
000000010000010100000000000001000001000100000100000101000000000000010000000000000001010000000100000100000000010000010100000001000000
000000001000001010000000000000100000100010000010000010100000000000001000000000000000101000000010000010000000001000001010000000100000
000000000100000101000000000000010000010001000001000001010000000000000100000000000000010100000001000001000000000100000101000000010000
100000000010000010100000000000000000001000100000100000101000000010000010000000000000001010000000100000100000000010000010100000001000
010000000001000001010000000000000000000100010000010000010100000001000001000000000000000101000000010000010000000001000001010000000100
001000000000100000101000000000000000000010001000001000001010000000100000100000000000000010100000001000001000000000100000101000000010
000100000000010000010100000000000000000001000100000100000101000000010000010000000000000001010000000100000100000000010000010100000001
000010000000001000001010000000000000000000100010000010000010100000001000001000000000000000101000000010000010000000001000001010000000
000001000000000100000101000000000000000000010001000001000001010000000100000100000000000000010100000001000001000000000100000101000000
000000100000000010000010100000000000000000001000100000100000101000000010000010000000000000001010000000100000100000000010000010100000
000000010000000001000001010000000000000000000100010000010000010100000001000001000000000000000101000000010000010000000001000001010000
000000001000000000100000101000001000000000000010001000001000001010000000100000100000000000000010100000001000001000000000100000100000
000000000100000000010000010100000100000000000001000100000100000101000000010000010000000000000001010000000100000100000000010000010000
000000000010000000001000001010001010000000000000100010000010000010100000001000001000000000000000101000000010000010000000001000000000
000000000001000000000100000101000101000000000000010001000001000001010000000100000100000000000000010100000001000001000000000100000000
000000000000100000000010000010100010100000000000001000100000100000101000000010000010000000000000001010000000100000100000000010000000
000000000000010000000001000001010001010000000000000100010000010000010100000001000001000000000000000101000000010000010000000001000000
100000000000001000000000100000100000101000000000000010001000001000001010000000100000100000000000000010100000001000001000000000100000
010000000000000100000000010000010000010100000000000001000100000100000101000000010000010000000000000001010000000100000100000000010000
101000000000000010000000001000001000001010000000000000100010000000000010100000001000001000000000100000101000000010000010000000000000
010100000000000001000000000100000100000101000000000000010001000000000001010000000100000100000000010000010100000001000001000000000000
001010000000000000100000000010000010000010100000000000001000100000000000101000000010000010000000001000001010000000100000100000000000
000101000000000000010000000001000001000001010000000000000100010000000000010100000001000001000000000100000101000000010000010000000000
000010100000000000001000000000100000100000101000000000000010001000000000001010000000100000100000000010000010100000001000001000000000
000001010000000000000100000000010000010000010100000000000001000100000000000101000000010000010000000001000001010000000100000100000000
100010000000100000001000000000000000001000100000001010000010000000001010001010000010000000100000000010100010000000100000001000000000
010001000000010000000100000000000000000100010000000101000001000000000101000101000001000000010000000001010001000000010000000100000000
001000100000001000000010000000000000000010001000000010100000100000000010100010100000100000001000000000101000100000001000000010000000
000100010000000100000001000000000000000001000100000001010000010000000001010001010000010000000100000000010100010000000100000001000000
000010001000000010000000100000000000000000100010000000101000001000000000101000101000001000000010000000001010001000000010000000100000
000001000100000001000000010000000000000000010001000000010100000100000000010100010100000100000001000000000101000100000001000000010000
000000100010000000100000001000001000000000001000100000001010000010000000001010001010000010000000100000000010100010000000100000000000
000000010001000000010000000100000100000000000100010000000101000001000000000101000101000001000000010000000001010001000000010000000000
000000001000100000001000000010000010000000000010001000000010100000100000000010100010100000100000001000000000101000100000001000000000
000000000100010000000100000001000001000000000001000100000001010000010000000001010001010000010000000100000000010100010000000100000000
000000000010001000000010000000100000100000000000100010000000101000001000000000101000101000001000000010000000001010001000000010000000
000000000001000100000001000000010000010000000000010001000000010100000100000000010100010100000100000001000000000101000100000001000000
100000000000100010000000100000001000001000000000001000100000001000000010000000001010001010000010000000100000000010100010000000100000
010000000000010001000000010000000100000100000000000100010000000100000001000000000101000101000001000000010000000001010001000000010000
001000000000001000100000001000001010000010000000000010001000000010000000100000000010100010100000100000001000000000101000100000000000
000100000000000100010000000100000101000001000000000001000100000001000000010000000001010001010000010000000100000000010100010000000000
000010000000000010001000000010000010100000100000000000100010000000100000001000000000101000101000001000000010000000001010001000000000
000001000000000001000100000001000001010000010000000000010001000000010000000100000000010100010100000100000001000000000101000100000000
000000100000000000100010000000100000101000001000000000001000100000001000000010000000001010001010000010000000100000000010100010000000
000000010000000000010001000000010000010100000100000000000100010000000100000001000000000101000101000001000000010000000001010001000000
100000001000000000001000100000000000001010000010000000000010001010000010000000100000000010100010000000100000001000000000101000100000
010000000100000000000100010000000000000101000001000000000001000101000001000000010000000001010001000000010000000100000000010100010000
001000000010000000000010001000001000000010100000100000000000100010100000100000001000000000101000100000001000000010000000001010000000
000100000001000000000001000100000100000001010000010000000000010001010000010000000100000000010100010000000100000001000000000101000000
000010000000100000000000100010000010000000101000001000000000001000101000001000000010000000001010001000000010000000100000000010100000
000001000000010000000000010001000001000000010100000100000000000100010100000100000001000000000101000100000001000000010000000001010000
000000100000001000000000001000101000100000001010000010000000000010001010000010000000100000000010100010000000100000001000000000100000
000000010000000100000000000100010100010000000101000001000000000001000101000001000000010000000001010001000000010000000100000000010000
100000001000000010000000000010000010001000000010100000100000000010100010100000100000001000000000101000100000001000000010000000001000
010000000100000001000000000001000001000100000001010000010000000001010001010000010000000100000000010100010000000100000001000000000100
001000000010000000100000000000100000100010000000101000001000000000101000101000001000000010000000001010001000000010000000100000000010
000100000001000000010000000000010000010001000000010100000100000000010100010100000100000001000000000101000100000001000000010000000001
001001000000000000100000001000001000000010010000000000001010000010100100100100000000000010000000101000001001000000000000100000000010
001100000000000000010000000100000100000011000000000000000101000001110000110000000000000001000000010100001100000000000000010000000001
000010010000000000001000000010000010000000100100000000000010100000101001001001000000000000100000001010000010010000000000001000000000
000011000000000000000100000001000001000000110000000000000001010000011100001100000000000000010000000101000011000000000000000100000000
000000100100000000000010000000100000100000001001000000000000101000001010010010010000000000001000000010100000100100000000000010000000
000000110000000000000001000000010000010000001100000000000000010100000111000011000000000000000100000001010000110000000000000001000000
100000001001000000000000100000001000001000000010010000000000001000000010100100100100000000000010000000101000001001000000000000100000
010000001100000000000000010000000100000100000011000000000000000100000001110000110000000000000001000000010100001100000000000000010000
001000000010010000000000001000001010000010000000100100000000000010000000101001001001000000000000100000001010000010010000000000000000
000100000011000000000000000100000101000001000000110000000000000001000000011100001100000000000000010000000101000011000000000000000000
000010000000100100000000000010000010100000100000001001000000000000100000001010010010010000000000001000000010100000100100000000000000
000001000000110000000000000001000001010000010000001100000000000000010000000111000011000000000000000100000001010000110000000000000000
000000100000001001000000000000100000101000001000000010010000000000001000000010100100100100000000000010000000101000001001000000000000
000000010000001100000000000000010000010100000100000011000000000000000100000001110000110000000000000001000000010100001100000000000000
100000001000000010010000000000000000001010000010000000100100000000000010000000101001001001000000000000100000001010000010010000000000
010000000100000011000000000000000000000101000001000000110000000000000001000000011100001100000000000000010000000101000011000000000000
001000000010000000100100000000000000000010100000100000001001000000000000100000001010010010010000000000001000000010100000100100000000
000100000001000000110000000000000000000001010000010000001100000000000000010000000111000011000000000000000100000001010000110000000000
000010000000100000001001000000000000000000101000001000000010010000000000001000000010100100100100000000000010000000101000001001000000
000001000000010000001100000000000000000000010100000100000011000000000000000100000001110000110000000000000001000000010100001100000000
000000100000001000000010010000000000000000001010000010000000100100000000000010000000101001001001000000000000100000001010000010010000
000000010000000100000011000000000000000000000101000001000000110000000000000001000000011100001100000000000000010000000101000011000000
000000001000000010000000100100000100000000000010100000100000001001000000000000100000001010010010010000000000001000000010100000100000
000000000100000001000000110000000000000000000001010000010000001100000000000000010000000111000011000000000000000100000001010000110000
000000000010000000100000001001001001000000000000101000001000000010010000000000001000000010100100100100000000000010000000101000000000
000000000001000000010000001100001100000000000000010100000100000011000000000000000100000001110000110000000000000001000000010100000000
000000000000100000001000000010010010010000000000001010000010000000100100000000000010000000101001001001000000000000100000001010000000
000000000000010000000100000011000011000000000000000101000001000000110000000000000001000000011100001100000000000000010000000101000000
010000000000001000000010000000100000100100000000000010100000100001001001000000000000100000001010000010010000000000001000000010100000
000000000000000100000001000000110000110000000000000001010000010000001100000000000000010000000111000011000000000000000100000001010000
100100000000000010000000100000000000001001000000000000101000001010010010010000000000001000000010100000100100000000000010000000101000
110000000000000001000000010000000000001100000000000000010100000111000011000000000000000100000001010000110000000000000001000000010100
010000000010000010000000000000010100010100000000100000100000000000000101001000001000001000000001000001010000000010000010000000010000
000000000001000001000000000010100010100000000000010000010000001000101000000100000100000100001000001010000000000001000001000010000000
010100000000100000100000000000000001000101000000001000001000000001000001010010000010000010000000010000010100000000100000100000000100
100000000000010000010000000000101000101000000000000100000100000000001010000001000001000001000010000010100000000000010000010000100000
000101000000001000001000000000000000010001010000000010000010000000010000010100100000100000100000000100000101000000001000001000000001
101000000000000100000100000000000010001010000000000001000001000010000010100000010000010000010000100000101000000000000100000100001000
000001010000000010000010000000000000000100010100000000100000100000000100000101001000001000001000000001000001010000000010000010000000
001010000000000001000001000000000000100010100000000000010000010000100000101000000100000100000100001000001010000000000001000001000010
000000010100000000100000100000000000000001000101000000001000001000000001000001010010000010000010000000010000010100000000100000100000
000010100000000000010000010000000000001000101000000000000100000100001000001010000001000001000001000010000010100000000000010000010000
000000000101000000001000001000001000000000010001010000000010000010000000010000010100100000100000100000000100000101000000001000000000
000000101000000000000100000100000100000010001010000000000001000001000010000010100000010000010000010000100000101000000000000100000000
000000000001010000000010000010000010000000000100010100000000100000100000000100000101001000001000001000000001000001010000000010000000
000000001010000000000001000001000001000000100010100000000000010000010000100000101000000100000100000100001000001010000000000001000000
000000000000010100000000100000100000100000000001000101000000001000001000000001000001010010000010000010000000010000010100000000100000
000000000010100000000000010000010000010000001000101000000000000100000100001000001010000001000001000001000010000010100000000000010000
100000000000000101000000001000001000001000000000010001010000000010000010000000010000010100100000100000100000000100000101000000000000
010000000000101000000000000100000100000100000010001010000000000001000001000010000010100000010000010000010000100000101000000000000000
001000000000000001010000000010000010000010000000000100010100000000100000100000000100000101001000001000001000000001000001010000000000
000100000000001010000000000001000001000001000000100010100000000000010000010000100000101000000100000100000100001000001010000000000000
000010000000000000010100000000100000100000100000000001000101000000001000001000000001000001010010000010000010000000010000010100000000
000001000000000010100000000000010000010000010000001000101000000000000100000100001000001010000001000001000001000010000010100000000000
100000100000000000000101000000000000001000001000000000010001010010000010000010000000010000010100000000100000100000000100000101000000
010000010000000000101000000000000000000100000100000010001010000001000001000001000010000010100000000000010000010000100000101000000000
001000001000000000000001010000000000000010000010000000000100010100100000100000100000000100000101000000001000001000000001000001010000
000100000100000000001010000000000000000001000001000000100010100000010000010000010000100000101000000000000100000100001000001010000000
000010000010000000000000010100000100000000100000100000000001000101001000001000001000000001000001010000000010000010000000010000010000
000001000001000000000010100000000000000000010000010000001000101000000100000100000100001000001010000000000001000001000010000010100000
000000100000100000000000000101000101000000001000001000000000010001010010000010000010000000010000010100000000100000100000000100000000
000000010000010000000000101000001000000000000100000100000010001010000001000001000001000010000010100000000000010000010000100000100000
000000001000001000000000000001010001010000000010000010000000000100010100100000100000100000000100000101000000001000001000000001000000
000000000100000100000000001010001010000000000001000001000000100010100000010000010000010000100000101000000000000100000100001000000000
100000000110000000000000000001000001001001000001100000000000000000010010001000011000000000000100000100100010000110000000000000000000
010000100001000000000000001000001000001100001000010000000000000010000001000110000100000000100000100000010001100001000000000000000000
001000000001100000000000000000010000010010010000011000000000000000000100100010000110000000000001000001001000100001100000000000000000
000100001000010000000000000010000010000011000010000100000000000000100000010001100001000000001000001000000100011000010000000000000000
010010000000011000000000000000000000000100100100000110000000000001000001001000100001100000000000000000010010001000011000000000000000
000001000010000100000000000000100000100000110000100001000000000000001000000100011000010000000010000010000001000110000100000000000000
000100100000000110000000000000000000000001001001000001100000000000010000010010001000011000000000000000000100100010000110000000000000
100000010000100001000000000000000000001000001100001000010000000010000010000001000110000100000000000000100000010001100001000000000000
000001001000000001100000000000000000000000010010010000011000000000000100000100100010000110000000000000000001001000100001100000000000
001000000100001000010000000000000000000010000011000010000100000000100000100000010001100001000000000000001000000100011000010000000000
000000010010000000011000000000000000000000000100100100000110000000000001000001001000100001100000000000000000010010001000011000000000
000010000001000010000100000000000000000000100000110000100001000000001000001000000100011000010000000000000010000001000110000100000000
000000000100100000000110000000000000000000000001001001000001100000000000010000010010001000011000000000000000000100100010000110000000
000000100000010000100001000000000000000000001000001100001000010000000010000010000001000110000100000000000000100000010001100001000000
000000000001001000000001100000000000000000000000010010010000011000000000000100000100100010000110000000000000000001001000100001100000
000000001000000100001000010000000000000000000010000011000010000100000000100000100000010001100001000000000000001000000100011000010000
000000000000010010000000011000001000000000000000000100100100000110000000000001000001001000100001100000000000000000010010001000010000
000000000010000001000010000100000100000000000000100000110000100001000000001000001000000100011000010000000000000010000001000110000000
000000000000000100100000000110000110000000000000000001001001000001100000000000010000010010001000011000000000000000000100100010000000
000000000000100000010000100001000001000000000000001000001100001000010000000010000010000001000110000100000000000000100000010001100000
000000000000000001001000000001100001100000000000000000010010010000011000000000000100000100100010000110000000000000000001001000100000
000000000000001000000100001000011000010000000000000010000011000010000100000000100000100000010001100001000000000000001000000100010000
100000000000000000010010000000010000011000000000000000000100100110000110000000000001000001001000100001100000000000000000010010001000
010000000000000010000001000010000010000100000000000000100000110001100001000000001000001000000100011000010000000000000010000001000100
011000000000000000000100100000000100000110000000000000000001001000100001100000000000010000010010001000011000000000000000000100100010
000100000000000000100000010000100000100001000000000000001000001100011000010000000010000010000001000110000100000000000000100000010001
000110000000000000000001001000001001000001100000000000000000010010001000011000000000000100000100100010000110000000000000000001000000
100001000000000000001000000100001100001000010000000000000010000001000110000100000000100000100000010001100001000000000000001000000000
000001100000000000000000010010000010010000011000000000000000000100100010000110000000000001000001001000100001100000000000000000010000
001000010000000000000010000001000011000010000100000000000000100000010001100001000000001000001000000100011000010000000000000010000000
000000011000000000000000000100100100100100000110000000000000000001001000100001100000000000010000010010001000011000000000000000000000
000010000100000000000000100000010000110000100001000000000000001000000100011000010000000010000010000001000110000100000000000000100000
