000000000000000000100000000100000000000000100000000000000000000100000000100000000000000100000000000000000000000100000000100000000000000100000000000000000000000100000000100000000000000100000000000000000000000100100000100000000000000100000000000000000000000100100000100000000000000100000000000000000000000100000000100100000000000100100000000000000000000100000000100100000000000100100000000000000000000100000000100100000000000100100000000000000000000100000000100100000000000100000000000000000000000100000000100100000000000100000000000000000000000100000000100100000000000100000000
010000000000000000000000000000000001000000010000010000000000000000000000000000001000000010000010010000000000000000000000000000001001000010000010010000000000000000000000000000001001000010000010010000000000000000000000000000001001000010000010010000000000000000000000000000001001000010000010000000000000000000000000000000001000000010010010000000000000000000000000000000001000000010010010000000000000000000000000000000001000000010000010000000000000000000000000000000001000000010000010000000000000000000000000000000001000000010000010000000000000000000000000000000001000000010000010
010000000000000000000000010001000000000000000100000000000000100000000010001000000000000000100010000000000000100000000010001000000000000000100010000000000000100000000010001000000000000000100010000000000000100000000010011000000000000000100010000000000000100000000010011001000000000000100010010000000000100000000010001000000000000000100110000000000000100000000010001000000000000000100110000000000000000000000010001000000000000000100110000000000000000000000010001000000000000000100110000000000000000000000010001000000000000000100110000000000000000000000010001000000000000000100010
000000000000000010000010000000000000100000000000000000000000010000010000000000000100000000000000000000000000010000010000000000000100000000000000000000000000010000010000000000000100100000000000000000000000010000010000000000000100100000000000000000000000010000010000000000000100100000000000000000000000010010010010000000000100000000000000000000000000010010010000000000000100000000000000000000000000010010010000000000000100000000000000000000000000010010010000000000000100000000000000000000000000010010010000000000000100000000000000000000000000010000010000000000000100000000000000
000000010000000000000000010000000000010000000000000010000000000000000010000000000010000000000000000010000000000000000010000000000010000000000000000010000000000000000010000000000010010000000000000010000000000000000010000000000010010000000000000010000000000000000010000000000010010000000000000010010000000000000010000000000010000000000000000010010000000000000010000000000010000000000000000010010000000000000010000000000010000000000000000010000000000000000010000000000010000000000000000010000000000000000010000000000010000000000000000010000000000000000010000000000010000000000000
010000001000000100000000000010000000110000000000000001000000100000000000010000000110000000000010000001000000100000000000010000000110010000000010000001001000100000000000010000000110010000000010000001001000100000000000010000000110010000000010000001001000100000000000010000000110010000000010010001000000100100000000010000000110100000000010010001000000100100000000010000000110100000000010010001000000100100000000010000000110100000000010010001000000100100000000010000000110000000000010000001000000100100000000010000000110000000000010000001000000100100000000010000000110000000000010
000000100100000000000000000000000000000000000001000100100000000000000000000000000000000000001000000100100100000000000000000000000000000000001000000100100100000000000000000000000000000000001000000100100100000000000000000000000000000000001000000100000100000000000000000000000000000000001000000100100000000000000000000000000000000000001001000100100000000000000000000000000000000000001001000100100000000000000000000000000000000000001000000100100000000000000000000000000000000000001000000100100000000000000000000000000000000000001000000100100000000000000000000000000000000000001000
000000010000000000010000000110001000000000001000000010000000000010000000110001000000000001000000000010000000000010000000110001000000000001001000000010000000000010000000110001001000000001001000000010000000000010000000110001001000000001001000000010000000000010000000110001001000000001001000000010000000000010010000110111000000000001000000000010000000000010010000110111000000000001000000000010000000000010010000110111000000000001000000000010000000000010010000110011000000000001000000000010000000000010000000110011000000000001000000000010000000000010000000110011000000000001000000
000000000000000010000100000001000000000000000000000000000000010000100100001000000000000000000000000000000000010000100100001000000000000000000000000000000000010000100100001000000000000000000000000000000000010010100100001000000000000000000000000000000000010010100100001000000000000000000000000000000000010000100000001001000000000000000000000000000000010000100000001001000000000000000000000000000000010000100000001001000000000000000000000000000000010000100000001001000000000000000000000000000000010000100000001001000000000000000000000000000000010000100000001000000000000000000000
000000010000000000000000110010000000100001000000000010010000000000000110010000000100001000000000000010010000000000000110010000000100001000000000000010010000000000000110010000000100001000000000000010010000000000000110010000000100101000000000000010010000000000000110010010000100101000000000000010000000000000000110100000000100001001000000000010000000000000000110100000000100001000000000000010000000000000000110110000000100001000000000000010000000000000000110110000000100001000000000000010000000000000000110110000000100001000000000000010000000000000000110010000000100001000000000
000000000000110000000000000000000000000100000000000000000110000000000000000000000000100000000000000000000110000000000000000000000000100000000000000000000110000000000000000000000000100000000000000000000110000000000000000000000000100000000000000000000110100000000000000000000000100000000000000000000110010000000000000000000000100100000000000000000110010000000000000000000000100000000000000000000110010000000000000000000000100000000000000000000110010000000000000000000000100000000000000000000110000000000000000000000000100000000000000000000110000000000000000000000000100000000000
100000000100100000000001000000000001000000100000000000100100000000001000000000001000000100000100000000100100000000001000000000001000000100100100100000100100000000001000000000001000000100100100100000100100000000001000000000001000000100100100100000100100000000001000000000001000000100100100000000100100100000001001000000001001000100000100000000100100100000001001000000001001000100000100000000100100100000001001000000001001000100000100000000100100100000001000000000001001000100000100000000100100000000001000000000001001000100000100000000100100000000001000000000001001000100000100
