0000000000000000000001000010000100000000000000000000010000100000000000000000000000000100001000000000000000000000000001000010000000000000000000000000010000100000000000000000000000000000001000010000000000000000000000000010000100000000000000000000010000100001
1000000000000000000000001000001000000000000000000000000010000010000000000000000000000000100000100000000000000000000000001000001000000000000000000000000010000010100000000000000000000000000000001000000000000000000000000000000010000000000000000000000010000000
1000000000000000000000000010110010000000000000000000000000101100000000000000000000000000001011000000000000000000000000000010010000000000000000000000000000000100100000000000000000000000001010101000000000000000000000000010111010000000000000000000000000101110
1000000000000000000010001000000010000000000000000000100010000000100000000000000000001000100000000000000000000000000010001000000000000000000000000000100000000000100000000000000000000000100000001000000000000000000000001000000010000000000000000000100010000000
1000000000000000000010010000000000000000000000000000100100000000000000000000000000000001000000000000000000000000000000010000000000000000000000000000000100000000100000000000000000001000000000001000000000000000000010010000000010000000000000000000100100000000
1000000000000000000000000111010100000000000000000000000001110101000000000000000000000000011101010000000000000000000000000110010100000000000000000000000001100100100000000000000000000000000101011000000000000000000000000011010110000000000000000000000001110101
1000000000000000000000010000000110000000000000000000000100000001100000000000000000000001000000011000000000000000000000010000000100000000000000000000000100000001100000000000000000000001000000001000000000000000000000010000000010000000000000000000000100000000
0000000000000000000101000000000100000000000000000001010000000000000000000000000000010000000000000000000000000000000000000000000000000000000000000000000000000000000000000000000000010100000000010000000000000000000101000000000100000000000000000001010000000001
0000000000000000000000000000111100000000000000000000000000001101000000000000000000000000000010010000000000000000000000000000100100000000000000000000000000001011000000000000000000000000000001000000000000000000000000000000011000000000000000000000000000000111
0000000000000000000000110000000100000000000000000000001100000001000000000000000000000011000000010000000000000000000000110000000000000000000000000000001100000000000000000000000000000001000000010000000000000000000000010000000100000000000000000000000100000001
1000000000000000000010000001000000000000000000000000100000010000000000000000000000001000000100000000000000000000000010000001000000000000000000000000100000000000100000000000000000000000000100001000000000000000000010000001000010000000000000000000100000010000
0000000000000000000000000011100110000000000000000000000000111001100000000000000000000000000110011000000000000000000000000000100110000000000000000000000000001001100000000000000000000000001110001000000000000000000000000011100000000000000000000000000000111000
1000000000000000000010000000010010000000000000000000100000000100000000000000000000001000000001000000000000000000000010000000010000000000000000000000100000000100100000000000000000000000000000001000000000000000000000000000010010000000000000000000000000000100
1000000000000000000010000000000110000000000000000000100000000001100000000000000000001000000000010000000000000000000010000000000100000000000000000000100000000001100000000000000000001000000000001000000000000000000010000000000010000000000000000000100000000001
0000000000000000000000000110001100000000000000000000000001100011000000000000000000000000011000100000000000000000000000000110101000000000000000000000000001101000000000000000000000000000000010110000000000000000000000000100101100000000000000000000000001101011
1000000000000000010100000000000010000000000000000101000000000000000000000000000001010000000000000000000000000000010100000000000000000000000000000100000000000000100000000000000000010000000000001000000000000000010100000000000010000000000000000101000000000000
