100000000000000000000000000000000000000000000000100000001000000000000000000000000000000000000000000000001000000000000000000000000000000000000000000000001000000000000001000000000000000000000000
000000001000000000000000000000000000100000000100000001000000000010000000000000000000100000001000000001001000000010000000000000000000000000001000000001000000000010000000000000000000000000001000
000000010000000000000101000000000000000000000000000000000000000100000100000001010000000000000000000000010000000100000001000001010000000000000000000000000000000100000001000001010000000000000000
000000000000000000000000000000100000000001000010010000100000000000000000000000000000001000000000010000100000000000000000000000000000001001000010010000100000000000000000000000000000001001000000
000000000000000100000000010010000000000000000000000000000000000000000001010000000100100000000000000000000000000100000001000000000100100000000000000000000000000000000001000000000100100000000000
000000000000000000000000010000100000000000000010000000100000000000000000000000000100001000000010000000100000000000000000000000100100001000000000000000100000000000000000000000100100001000000000
000000000000000000000000000000000000001000000000000000000000000000000000000000000000000000000010000000000000000000000000000000000000001000100010000000000000000000000000000000000000000000100010
000100000100000000000000000000000000000000010000000000000001000001000000000000000000000000000000000100000001000001000000000000000000000000010000000100000001000001000000000000000000000000010000
000000100000000000000000010000000100000000010000000100100000001000000000000000000100000001000000000100000000001000000000000000000000000001010000000100000000001000000000000000000100000001010000
000000000000000000000000000000000000101000001000000010000000000000000000000000000000000000000010000010000000000000000000000000000000101000001010000010000000000000000000000000000000001000001010
000101000000000000000010000010000000000000000000000001000001010000000000000000100000100000000000000100000001010000000010000000100000100000000000000000000001010000000010000000100000100000000000
000100000000000000100010000000000000001000000000000000000001000000000010001000100000000000000010000100000001000000100000001000100000000000000010000100000001000000000000001000100000000000000010
000000011000000000000000000000000010000000100000001000010000000110000000000000000000000000100000001000001000000110000000000000000010000000100000001000000000000110000000000000000010000000100000
001000000000010000000000000000001000000000001000000010000010000000000100000000001000000010000000001010000010000000000100000000000000000010001000001010000010000000000100000000000000000010000000
000001000000000000001000000000000000000001000010010000100000010000000000000010000000000000000010010001100000010000001000000010000000000000000000010000100000010000001000000010000000000000000000
100000000100100000000000000000000100000000000000100000001000000001001000000000000000000001000000000000001100000001001000000000000100000001000000000000001000000001001000000000000100000001000000
100000100000000000100000000000100000000000000000000000001000001000000000001000100000001000000000000000101000001000100000001000000000001000000000000000101000001000000000001000000000001000000000
001010000000000000000000001000000000001000000000000000000010100000000000000000000010001000000010001010000010100000000000000000000010000000000010001000000010100000000000000000000010000000000010
000000000000000100000000100000000000000000010010000100100000000000000001000000001000000000000010000100100000000100000001000000001000000000010000000100100000000000000001000000001000000000010000
100000000010000100000000000000000000000001000000010000001010000000100001000000000000000000000000010000001000000100100001000000000000000001000000010000001000000100100001000000000000000000000000
