10000000000000011000000000000000100000100000000000000110000000000000001000000001100001100000000000000010000000001000011000000000
01000000000000001100000000000000010000010000000000000011000000000000000100000000110000110000000000000001000000000100001100000000
00100000000000000110000000000000001000001000000000000001100000000000000010000000011000011000000000000000100000000010000110000000
00010000000000000011000000000000000100000100000000000000110000000000000001000000001100001100000000000000010000000001000011000000
00001000000000000001100000000000000010000010000000000000011000000000000000100000000110000110000000000000001000000000100001100000
00000100000000000000110000000000000001000001000000000000001100000000000000010000000011000011000000000000000100000000010000110000
00000010000000000000011000000000000000100000100000000000000110000000000000001000000001100001100000000000000010000000001000011000
00000001000000000000001100000000000000010000010000000000000011000000000000000100000000110000110000000000000001000000000100001100
00000000100000000000000110000000000000001000001000000000000001100000000000000010000000011000011000000000000000100000000010000110
00000000010000000000000011000000000000000100000100000000000000110000000000000001000000001100001100000000000000010000000001000011
00000000001000000000000001100000100000000010000010000000000000011000000000000000100000000110000110000000000000001000000000100001
00000000000100000000000000110000110000000001000001000000000000001100000000000000010000000011000011000000000000000100000000010000
00000000000010000000000000011000011000000000100000100000000000000110000000000000001000000001100001100000000000000010000000001000
00000000000001000000000000001100001100000000010000010000000000000011000000000000000100000000110000110000000000000001000000000100
00000000000000100000000000000110000110000000001000001000000000000001100000000000000010000000011000011000000000000000100000000010
00000000000000010000000000000011000011000000000100000100000000000000110000000000000001000000001100001100000000000000010000000001
10000000000000001000000000000001000001100000000010000010000000001000011000000000000000100000000110000110000000000000001000000000
11000000000000000100000000000000000000110000000001000001000000001100001100000000000000010000000001000011000000000000000100000000
01100000000000000010000000000000000000011000000000100000100000000110000110000000000000001000000000100001100000000000000010000000
00110000000000000001000000000000000000001100000000010000010000000011000011000000000000000100000000010000110000000000000001000000
00011000000000000000100000000000000000000110000000001000001000000001100001100000000000000010000000001000011000000000000000100000
00001100000000000000010000000000000000000011000000000100000100000000110000110000000000000001000000000100001100000000000000010000
00000110000000000000001000000000000000000001100000000010000010000000011000011000000000000000100000000010000110000000000000001000
00000011000000000000000100000000000000000000110000000001000001000000001100001100000000000000010000000001000011000000000000000100
00000001100000000000000010000000000000000000011000000000100000100000000110000110000000000000001000000000100001100000000000000010
00000000110000000000000001000000000000000000001100000000010000010000000011000011000000000000000100000000010000110000000000000001
00000000011000000000000000100000100000000000000110000000001000001000000001100001100000000000000010000000001000011000000000000000
00000000001100000000000000010000010000000000000011000000000100000100000000110000110000000000000001000000000100001100000000000000
00000000000110000000000000001000001000000000000001100000000010000010000000011000011000000000000000100000000010000110000000000000
00000000000011000000000000000100000100000000000000110000000001000001000000001100001100000000000000010000000001000011000000000000
00000000000001100000000000000010000010000000000000011000000000100000100000000110000110000000000000001000000000100001100000000000
00000000000000110000000000000001000001000000000000001100000000010000010000000011000011000000000000000100000000010000110000000000
00000100000000000000000010000010000010000001000000000000100000100000110000010000000000000000001000001000000100000000000000000010
00000010000000000000000001000001000001000000100000000000010000010000011000001000000000000000000100000100000010000000000000000001
10000001000000000000000000100000100000100000010000000000001000001000001100000100000000000000000010000010000001000000000000000000
01000000100000000000000000010000010000010000001000000000000100000100000110000010000000000000000001000001000000100000000000000000
00100000010000000000000000001000001000001000000100000000000010000010000011000001000000000000000000100000100000010000000000000000
00010000001000000000000000000100000100000100000010000000000001000001000001100000100000000000000000010000010000001000000000000000
00001000000100000000000000000010000010000010000001000000000000100000100000110000010000000000000000001000001000000100000000000000
00000100000010000000000000000001000001000001000000100000000000010000010000011000001000000000000000000100000100000010000000000000
10000010000001000000000000000000100000100000100000010000000000000000001000001100000100000000000000000010000010000001000000000000
01000001000000100000000000000000010000010000010000001000000000000000000100000110000010000000000000000001000001000000100000000000
00100000100000010000000000000000001000001000001000000100000000000000000010000011000001000000000000000000100000100000010000000000
00010000010000001000000000000000000100000100000100000010000000000000000001000001100000100000000000000000010000010000001000000000
00001000001000000100000000000000000010000010000010000001000000000000000000100000110000010000000000000000001000001000000100000000
00000100000100000010000000000000000001000001000001000000100000000000000000010000011000001000000000000000000100000100000010000000
00000010000010000001000000000000000000100000100000100000010000000000000000001000001100000100000000000000000010000010000001000000
00000001000001000000100000000000000000010000010000010000001000000000000000000100000110000010000000000000000001000001000000100000
00000000100000100000010000000000000000001000001000001000000100000000000000000010000011000001000000000000000000100000100000010000
00000000010000010000001000000000000000000100000100000100000010000000000000000001000001100000100000000000000000010000010000001000
00000000001000001000000100000000000000000010000010000010000001000000000000000000100000110000010000000000000000001000001000000100
00000000000100000100000010000000000000000001000001000001000000100000000000000000010000011000001000000000000000000100000100000010
00000000000010000010000001000000000000000000100000100000100000010000000000000000001000001100000100000000000000000010000010000001
00000000000001000001000000100000100000000000010000010000010000001000000000000000000100000110000010000000000000000001000001000000
00000000000000100000100000010000010000000000001000001000001000000100000000000000000010000011000001000000000000000000100000100000
00000000000000010000010000001000001000000000000100000100000100000010000000000000000001000001100000100000000000000000010000010000
00000000000000001000001000000100000100000000000010000010000010000001000000000000000000100000110000010000000000000000001000001000
00000000000000000100000100000010000010000000000001000001000001000000100000000000000000010000011000001000000000000000000100000100
00000000000000000010000010000001000001000000000000100000100000100000010000000000000000001000001100000100000000000000000010000010
10000000000000000001000001000000000000100000000000010000010000011000001000000000000000000100000100000010000000000000000001000001
01000000000000000000100000100000100000010000000000001000001000001100000100000000000000000010000010000001000000000000000000100000
00100000000000000000010000010000010000001000000000000100000100000110000010000000000000000001000001000000100000000000000000010000
00010000000000000000001000001000001000000100000000000010000010000011000001000000000000000000100000100000010000000000000000001000
00001000000000000000000100000100000100000010000000000001000001000001100000100000000000000000010000010000001000000000000000000100
00000100000000101000000000000000000000000001001000001010000000000000010000010000100010100000000000000000000100001000101000000000
00000010000000010100000000000000000000000000100100000101000000000000001000001000010001010000000000000000000010000100010100000000
00000001000000001010000000000000000000000000010010000010100000000000000100000100001000101000000000000000000001000010001010000000
00000000100000000101000000000000000000000000001001000001010000000000000010000010000100010100000000000000000000100001000101000000
00000000010000000010100000000000000000000000000100100000101000000000000001000001000010001010000000000000000000010000100010100000
00000000001000000001010000000000000000000000000010010000010100000000000000100000100001000101000000000000000000001000010001010000
00000000000100000000101000000000000000000000000001001000001010000000000000010000010000100010100000000000000000000100001000101000
00000000000010000000010100000000000000000000000000100100000101000000000000001000001000010001010000000000000000000010000100010100
00000000000001000000001010000000000000000000000000010010000010100000000000000100000100001000101000000000000000000001000010001010
00000000000000100000000101000000000000000000000000001001000001010000000000000010000010000100010100000000000000000000100001000101
00000000000000010000000010100000100000000000000000000100100000101000000000000001000001000010001010000000000000000000010000100010
00000000000000001000000001010000010000000000000000000010010000010100000000000000100000100001000101000000000000000000001000010001
00000000000000000100000000101000101000000000000000000001001000001010000000000000010000010000100010100000000000000000000100001000
00000000000000000010000000010100010100000000000000000000100100000101000000000000001000001000010001010000000000000000000010000100
00000000000000000001000000001010001010000000000000000000010010000010100000000000000100000100001000101000000000000000000001000010
00000000000000000000100000000101000101000000000000000000001001000001010000000000000010000010000100010100000000000000000000100001
10000000000000000000010000000010000010100000000000000000000100101000101000000000000001000001000010001010000000000000000000010000
01000000000000000000001000000001000001010000000000000000000010010100010100000000000000100000100001000101000000000000000000001000
10100000000000000000000100000000100000101000000000000000000001000010001010000000000000010000010000100010100000000000000000000100
01010000000000000000000010000000010000010100000000000000000000100001000101000000000000001000001000010001010000000000000000000010
00101000000000000000000001000000001000001010000000000000000000010000100010100000000000000100000100001000101000000000000000000001
00010100000000000000000000100000100100000101000000000000000000001000010001010000000000000010000010000100010100000000000000000000
00001010000000000000000000010000010010000010100000000000000000000100001000101000000000000001000001000010001010000000000000000000
00000101000000000000000000001000001001000001010000000000000000000010000100010100000000000000100000100001000101000000000000000000
00000010100000000000000000000100000100100000101000000000000000000001000010001010000000000000010000010000100010100000000000000000
00000001010000000000000000000010000010010000010100000000000000000000100001000101000000000000001000001000010001010000000000000000
00000000101000000000000000000001000001001000001010000000000000000000010000100010100000000000000100000100001000101000000000000000
10000000010100000000000000000000000000100100000101000000000000001000001000010001010000000000000000000010000100010100000000000000
01000000001010000000000000000000000000010010000010100000000000000100000100001000101000000000000000000001000010001010000000000000
00100000000101000000000000000000000000001001000001010000000000000010000010000100010100000000000000000000100001000101000000000000
00010000000010100000000000000000000000000100100000101000000000000001000001000010001010000000000000000000010000100010100000000000
00001000000001010000000000000000000000000010010000010100000000000000100000100001000101000000000000000000001000010001010000000000
00000000000000000000100000010001010001000000000000000000001000000100010000000000000000000011000101000100000000000000000000110000
10000000000000000000010000001000001000100000000000000000000100001010001000000000000000000001100000100010000000000000000000011000
01000000000000000000001000000100000100010000000000000000000010000101000100000000000000000000110000010001000000000000000000001100
00100000000000000000000100000010000010001000000000000000000001000010100010000000000000000000011000001000100000000000000000000110
00010000000000000000000010000001000001000100000000000000000000100001010001000000000000000000001100000100010000000000000000000011
10001000000000000000000001000000000000100010000000000000000000011000101000100000000000000000000110000010001000000000000000000001
01000100000000000000000000100000100000010001000000000000000000001100010100010000000000000000000011000001000100000000000000000000
00100010000000000000000000010000010000001000100000000000000000000110001010001000000000000000000001100000100010000000000000000000
00010001000000000000000000001000001000000100010000000000000000000011000101000100000000000000000000110000010001000000000000000000
00001000100000000000000000000100000100000010001000000000000000000001100010100010000000000000000000011000001000100000000000000000
00000100010000000000000000000010000010000001000100000000000000000000110001010001000000000000000000001100000100010000000000000000
00000010001000000000000000000001000001000000100010000000000000000000011000101000100000000000000000000110000010001000000000000000
10000001000100000000000000000000000000100000010001000000000000000000001100010100010000000000000000000011000001000100000000000000
01000000100010000000000000000000000000010000001000100000000000000000000110001010001000000000000000000001100000100010000000000000
00100000010001000000000000000000000000001000000100010000000000000000000011000101000100000000000000000000110000010001000000000000
00010000001000100000000000000000000000000100000010001000000000000000000001100010100010000000000000000000011000001000100000000000
00001000000100010000000000000000000000000010000001000100000000000000000000110001010001000000000000000000001100000100010000000000
00000100000010001000000000000000000000000001000000100010000000000000000000011000101000100000000000000000000110000010001000000000
00000010000001000100000000000000000000000000100000010001000000000000000000001100010100010000000000000000000011000001000100000000
00000001000000100010000000000000000000000000010000001000100000000000000000000110001010001000000000000000000001100000100010000000
00000000100000010001000000000000000000000000001000000100010000000000000000000011000101000100000000000000000000110000010001000000
00000000010000001000100000000000000000000000000100000010001000000000000000000001100010100010000000000000000000011000001000100000
00000000001000000100010000000000000000000000000010000001000100000000000000000000110001010001000000000000000000001100000100010000
00000000000100000010001000000000000000000000000001000000100010000000000000000000011000101000100000000000000000000110000010001000
00000000000010000001000100000000000000000000000000100000010001000000000000000000001100010100010000000000000000000011000001000100
00000000000001000000100010000000000000000000000000010000001000100000000000000000000110001010001000000000000000000001100000100010
00000000000000100000010001000000000000000000000000001000000100010000000000000000000011000101000100000000000000000000110000010001
00000000000000010000001000100000100000000000000000000100000010001000000000000000000001100010100010000000000000000000011000001000
00000000000000001000000100010000010000000000000000000010000001000100000000000000000000110001010001000000000000000000001100000100
00000000000000000100000010001000001000000000000000000001000000100010000000000000000000011000101000100000000000000000000110000010
00000000000000000010000001000100000100000000000000000000100000010001000000000000000000001100010100010000000000000000000011000001
00000000000000000001000000100010100010000000000000000000010000001000100000000000000000000110001010001000000000000000000001100000
00000000001000000101000000000000000000000000000011000001010000000000000000100000100000010100000000000000000000001000000101000000
00000000000100000010100000000000000000000000000001100000101000000000000000010000010000001010000000000000000000000100000010100000
00000000000010000001010000000000000000000000000000110000010100000000000000001000001000000101000000000000000000000010000001010000
00000000000001000000101000000000000000000000000000011000001010000000000000000100000100000010100000000000000000000001000000101000
00000000000000100000010100000000000000000000000000001100000101000000000000000010000010000001010000000000000000000000100000010100
00000000000000010000001010000000000000000000000000000110000010100000000000000001000001000000101000000000000000000000010000001010
00000000000000001000000101000000000000000000000000000011000001010000000000000000100000100000010100000000000000000000001000000101
00000000000000000100000010100000100000000000000000000001100000101000000000000000010000010000001010000000000000000000000100000010
00000000000000000010000001010000010000000000000000000000110000010100000000000000001000001000000101000000000000000000000010000001
00000000000000000001000000101000101000000000000000000000011000001010000000000000000100000100000010100000000000000000000001000000
00000000000000000000100000010100010100000000000000000000001100000101000000000000000010000010000001010000000000000000000000100000
00000000000000000000010000001010001010000000000000000000000110000010100000000000000001000001000000101000000000000000000000010000
00000000000000000000001000000101000101000000000000000000000011000001010000000000000000100000100000010100000000000000000000001000
10000000000000000000000100000010000010100000000000000000000001100000101000000000000000010000010000001010000000000000000000000100
01000000000000000000000010000001000001010000000000000000000000110000010100000000000000001000001000000101000000000000000000000010
10100000000000000000000001000000100000101000000000000000000000010000001010000000000000000100000100000010100000000000000000000001
01010000000000000000000000100000110000010100000000000000000000001000000101000000000000000010000010000001010000000000000000000000
00101000000000000000000000010000011000001010000000000000000000000100000010100000000000000001000001000000101000000000000000000000
00010100000000000000000000001000001100000101000000000000000000000010000001010000000000000000100000100000010100000000000000000000
00001010000000000000000000000100000110000010100000000000000000000001000000101000000000000000010000010000001010000000000000000000
00000101000000000000000000000010000011000001010000000000000000000000100000010100000000000000001000001000000101000000000000000000
00000010100000000000000000000001000001100000101000000000000000000000010000001010000000000000000100000100000010100000000000000000
10000001010000000000000000000000000000110000010100000000000000001000001000000101000000000000000000000010000001010000000000000000
01000000101000000000000000000000000000011000001010000000000000000100000100000010100000000000000000000001000000101000000000000000
00100000010100000000000000000000000000001100000101000000000000000010000010000001010000000000000000000000100000010100000000000000
00010000001010000000000000000000000000000110000010100000000000000001000001000000101000000000000000000000010000001010000000000000
00001000000101000000000000000000000000000011000001010000000000000000100000100000010100000000000000000000001000000101000000000000
00000100000010100000000000000000000000000001100000101000000000000000010000010000001010000000000000000000000100000010100000000000
00000010000001010000000000000000000000000000110000010100000000000000001000001000000101000000000000000000000010000001010000000000
00000001000000101000000000000000000000000000011000001010000000000000000100000100000010100000000000000000000001000000101000000000
00000000100000010100000000000000000000000000001100000101000000000000000010000010000001010000000000000000000000100000010100000000
00000000010000001010000000000000000000000000000110000010100000000000000001000001000000101000000000000000000000010000001010000000
00000000000000000100100000000001000001000000000000000001001000010000010000000000000010010010000000000100000000000000100100100000
10000000000000000010010000000000100000100000000000000000100100000000001000000000000001001001000000000010000000000000010010010000
01000000000000000001001000000000010000010000000000000000010010000000000100000000000000100100100000000001000000000000001001001000
00100000000000000000100100000000001000001000000000000000001001000000000010000000000000010010010000000000100000000000000100100100
00010000000000000000010010000000000100000100000000000000000100100000000001000000000000001001001000000000010000000000000010010010
00001000000000000000001001000000000010000010000000000000000010010000000000100000000000000100100100000000001000000000000001001001
00000100000000000000000100100000100001000001000000000000000001001000000000010000000000000010010010000000000100000000000000100100
00000010000000000000000010010000010000100000100000000000000000100100000000001000000000000001001001000000000010000000000000010010
00000001000000000000000001001000001000010000010000000000000000010010000000000100000000000000100100100000000001000000000000001001
00000000100000000000000000100100100100001000001000000000000000001001000000000010000000000000010010010000000000100000000000000100
00000000010000000000000000010010010010000100000100000000000000000100100000000001000000000000001001001000000000010000000000000010
00000000001000000000000000001001001001000010000010000000000000000010010000000000100000000000000100100100000000001000000000000001
10000000000100000000000000000100000100100001000001000000000000001001001000000000010000000000000010010010000000000100000000000000
01000000000010000000000000000010000010010000100000100000000000000100100100000000001000000000000001001001000000000010000000000000
00100000000001000000000000000001000001001000010000010000000000000010010010000000000100000000000000100100100000000001000000000000
10010000000000100000000000000000000000100100001000001000000000000001001001000000000010000000000000010010010000000000100000000000
01001000000000010000000000000000000000010010000100000100000000000000100100100000000001000000000000001001001000000000010000000000
00100100000000001000000000000000000000001001000010000010000000000000010010010000000000100000000000000100100100000000001000000000
00010010000000000100000000000000000000000100100001000001000000000000001001001000000000010000000000000010010010000000000100000000
00001001000000000010000000000000000000000010010000100000100000000000000100100100000000001000000000000001001001000000000010000000
00000100100000000001000000000000000000000001001000010000010000000000000010010010000000000100000000000000100100100000000001000000
00000010010000000000100000000000000000000000100100001000001000000000000001001001000000000010000000000000010010010000000000100000
00000001001000000000010000000000000000000000010010000100000100000000000000100100100000000001000000000000001001001000000000010000
00000000100100000000001000000000000000000000001001000010000010000000000000010010010000000000100000000000000100100100000000001000
00000000010010000000000100000000000000000000000100100001000001000000000000001001001000000000010000000000000010010010000000000100
00000000001001000000000010000000000000000000000010010000100000100000000000000100100100000000001000000000000001001001000000000010
00000000000100100000000001000000000000000000000001001000010000010000000000000010010010000000000100000000000000100100100000000001
00000000000010010000000000100000100000000000000000100100001000001000000000000001001001000000000010000000000000010010010000000000
00000000000001001000000000010000010000000000000000010010000100000100000000000000100100100000000001000000000000001001001000000000
00000000000000100100000000001000001000000000000000001001000010000010000000000000010010010000000000100000000000000100100100000000
00000000000000010010000000000100000100000000000000000100100001000001000000000000001001001000000000010000000000000010010010000000
00000000000000001001000000000010000010000000000000000010010000100000100000000000000100100100000000001000000000000001001001000000
00000000000000000000000001000000000000000000000000000000000000010000000000000000000000000100100100000000000000000000000000001001
00000000000000000000000000100000100000000000000000000000000000001000000000000000000000000010010010000000000000000000000000000100
00000000000000000000000000010000010000000000000000000000000000000100000000000000000000000001001001000000000000000000000000000010
00000000000000000000000000001000001000000000000000000000000000000010000000000000000000000000100100100000000000000000000000000001
00000000000000000000000000000100000100000000000000000000000000001001000000000000000000000000010010010000000000000000000000000000
00000000000000000000000000000010000010000000000000000000000000000100100000000000000000000000001001001000000000000000000000000000
00000000000000000000000000000001000001000000000000000000000000000010010000000000000000000000000100100100000000000000000000000000
10000000000000000000000000000000000000100000000000000000000000001001001000000000000000000000000000010010000000000000000000000000
01000000000000000000000000000000000000010000000000000000000000000100100100000000000000000000000000001001000000000000000000000000
00100000000000000000000000000000000000001000000000000000000000000010010010000000000000000000000000000100100000000000000000000000
00010000000000000000000000000000000000000100000000000000000000000001001001000000000000000000000000000010010000000000000000000000
00001000000000000000000000000000000000000010000000000000000000000000100100100000000000000000000000000001001000000000000000000000
00000100000000000000000000000000000000000001000000000000000000000000010010010000000000000000000000000000100100000000000000000000
00000010000000000000000000000000000000000000100000000000000000000000001001001000000000000000000000000000010010000000000000000000
00000001000000000000000000000000000000000000010000000000000000000000000100100100000000000000000000000000001001000000000000000000
00000000100000000000000000000000000000000000001000000000000000000000000010010010000000000000000000000000000100100000000000000000
00000000010000000000000000000000000000000000000100000000000000000000000001001001000000000000000000000000000010010000000000000000
00000000001000000000000000000000000000000000000010000000000000000000000000100100100000000000000000000000000001001000000000000000
00000000000100000000000000000000000000000000000001000000000000000000000000010010010000000000000000000000000000100100000000000000
00000000000010000000000000000000000000000000000000100000000000000000000000001001001000000000000000000000000000010010000000000000
00000000000001000000000000000000000000000000000000010000000000000000000000000100100100000000000000000000000000001001000000000000
00000000000000100000000000000000000000000000000000001000000000000000000000000010010010000000000000000000000000000100100000000000
00000000000000010000000000000000000000000000000000000100000000000000000000000001001001000000000000000000000000000010010000000000
00000000000000001000000000000000000000000000000000000010000000000000000000000000100100100000000000000000000000000001001000000000
00000000000000000100000000000000000000000000000000000001000000000000000000000000010010010000000000000000000000000000100100000000
00000000000000000010000000000000000000000000000000000000100000000000000000000000001001001000000000000000000000000000010010000000
00000000000000000001000000000000000000000000000000000000010000000000000000000000000100100100000000000000000000000000001001000000
00000000000000000000100000000000000000000000000000000000001000000000000000000000000010010010000000000000000000000000000100100000
00000000000000000000010000000000000000000000000000000000000100000000000000000000000001001001000000000000000000000000000010010000
00000000000000000000001000000000000000000000000000000000000010000000000000000000000000100100100000000000000000000000000001001000
00000000000000000000000100000000000000000000000000000000000001000000000000000000000000010010010000000000000000000000000000100100
00000000000000000000000010000000000000000000000000000000000000100000000000000000000000001001001000000000000000000000000000010010
00100010000000000000000000000100001100001000100000000000000000000001000010001000000000000000010000010000100010000000000000000100
00010001000000000000000000000010000110000100010000000000000000000000100001000100000000000000001000001000010001000000000000000010
00001000100000000000000000000001000011000010001000000000000000000000010000100010000000000000000100000100001000100000000000000001
10000100010000000000000000000000000001100001000100000000000000001000001000010001000000000000000010000010000100010000000000000000
01000010001000000000000000000000000000110000100010000000000000000100000100001000100000000000000001000001000010001000000000000000
00100001000100000000000000000000000000011000010001000000000000000010000010000100010000000000000000100000100001000100000000000000
00010000100010000000000000000000000000001100001000100000000000000001000001000010001000000000000000010000010000100010000000000000
00001000010001000000000000000000000000000110000100010000000000000000100000100001000100000000000000001000001000010001000000000000
00000100001000100000000000000000000000000011000010001000000000000000010000010000100010000000000000000100000100001000100000000000
00000010000100010000000000000000000000000001100001000100000000000000001000001000010001000000000000000010000010000100010000000000
00000001000010001000000000000000000000000000110000100010000000000000000100000100001000100000000000000001000001000010001000000000
00000000100001000100000000000000000000000000011000010001000000000000000010000010000100010000000000000000100000100001000100000000
00000000010000100010000000000000000000000000001100001000100000000000000001000001000010001000000000000000010000010000100010000000
00000000001000010001000000000000000000000000000110000100010000000000000000100000100001000100000000000000001000001000010001000000
00000000000100001000100000000000000000000000000011000010001000000000000000010000010000100010000000000000000100000100001000100000
00000000000010000100010000000000000000000000000001100001000100000000000000001000001000010001000000000000000010000010000100010000
00000000000001000010001000000000000000000000000000110000100010000000000000000100000100001000100000000000000001000001000010001000
00000000000000100001000100000000000000000000000000011000010001000000000000000010000010000100010000000000000000100000100001000100
00000000000000010000100010000000000000000000000000001100001000100000000000000001000001000010001000000000000000010000010000100010
00000000000000001000010001000000000000000000000000000110000100010000000000000000100000100001000100000000000000001000001000010001
00000000000000000100001000100000100000000000000000000011000010001000000000000000010000010000100010000000000000000100000100001000
00000000000000000010000100010000010000000000000000000001100001000100000000000000001000001000010001000000000000000010000010000100
00000000000000000001000010001000001000000000000000000000110000100010000000000000000100000100001000100000000000000001000001000010
00000000000000000000100001000100000100000000000000000000011000010001000000000000000010000010000100010000000000000000100000100001
00000000000000000000010000100010100010000000000000000000001100001000100000000000000001000001000010001000000000000000010000010000
00000000000000000000001000010001010001000000000000000000000110000100010000000000000000100000100001000100000000000000001000001000
10000000000000000000000100001000001000100000000000000000000011000010001000000000000000010000010000100010000000000000000100000100
01000000000000000000000010000100000100010000000000000000000001100001000100000000000000001000001000010001000000000000000010000010
00100000000000000000000001000010000010001000000000000000000000110000100010000000000000000100000100001000100000000000000001000001
00010000000000000000000000100001100001000100000000000000000000011000010001000000000000000010000010000100010000000000000000100000
10001000000000000000000000010000110000100010000000000000000000000100001000100000000000000001000001000010001000000000000000010000
01000100000000000000000000001000011000010001000000000000000000000010000100010000000000000000100000100001000100000000000000001000
00001000000000000100001000000100000110000010000000000001000010000001000000100000000000110000110000010000001000000000000100001100
00000100000000000010000100000010000011000001000000000000100001000000100000010000000000011000011000001000000100000000000010000110
00000010000000000001000010000001000001100000100000000000010000100000010000001000000000001100001100000100000010000000000001000011
10000001000000000000100001000000000000110000010000000000001000011000001000000100000000000110000110000010000001000000000000100001
01000000100000000000010000100000100000011000001000000000000100001100000100000010000000000011000011000001000000100000000000010000
00100000010000000000001000010000010000001100000100000000000010000110000010000001000000000001100001100000100000010000000000001000
00010000001000000000000100001000001000000110000010000000000001000011000001000000100000000000110000110000010000001000000000000100
00001000000100000000000010000100000100000011000001000000000000100001100000100000010000000000011000011000001000000100000000000010
00000100000010000000000001000010000010000001100000100000000000010000110000010000001000000000001100001100000100000010000000000001
00000010000001000000000000100001100001000000110000010000000000001000011000001000000100000000000110000110000010000001000000000000
10000001000000100000000000010000010000100000011000001000000000001100001100000100000010000000000001000011000001000000100000000000
01000000100000010000000000001000001000010000001100000100000000000110000110000010000001000000000000100001100000100000010000000000
00100000010000001000000000000100000100001000000110000010000000000011000011000001000000100000000000010000110000010000001000000000
00010000001000000100000000000010000010000100000011000001000000000001100001100000100000010000000000001000011000001000000100000000
00001000000100000010000000000001000001000010000001100000100000000000110000110000010000001000000000000100001100000100000010000000
10000100000010000001000000000000000000100001000000110000010000000000011000011000001000000100000000000010000110000010000001000000
01000010000001000000100000000000000000010000100000011000001000000000001100001100000100000010000000000001000011000001000000100000
00100001000000100000010000000000000000001000010000001100000100000000000110000110000010000001000000000000100001100000100000010000
00010000100000010000001000000000000000000100001000000110000010000000000011000011000001000000100000000000010000110000010000001000
00001000010000001000000100000000000000000010000100000011000001000000000001100001100000100000010000000000001000011000001000000100
00000100001000000100000010000000000000000001000010000001100000100000000000110000110000010000001000000000000100001100000100000010
00000010000100000010000001000000000000000000100001000000110000010000000000011000011000001000000100000000000010000110000010000001
00000001000010000001000000100000100000000000010000100000011000001000000000001100001100000100000010000000000001000011000001000000
00000000100001000000100000010000010000000000001000010000001100000100000000000110000110000010000001000000000000100001100000100000
00000000010000100000010000001000001000000000000100001000000110000010000000000011000011000001000000100000000000010000110000010000
00000000001000010000001000000100000100000000000010000100000011000001000000000001100001100000100000010000000000001000011000001000
00000000000100001000000100000010000010000000000001000010000001100000100000000000110000110000010000001000000000000100001100000100
00000000000010000100000010000001000001000000000000100001000000110000010000000000011000011000001000000100000000000010000110000010
10000000000001000010000001000000100000100000000000010000100000010000001000000000001100001100000100000010000000000001000011000001
01000000000000100001000000100000110000010000000000001000010000001000000100000000000110000110000010000001000000000000100001100000
00100000000000010000100000010000011000001000000000000100001000000100000010000000000011000011000001000000100000000000010000110000
00010000000000001000010000001000001100000100000000000010000100000010000001000000000001100001100000100000010000000000001000011000
00000000000000000000000010100010100010000000000000000000000000001000100000000000000000001010001010001000000000000000000000100010
00000000000000000000000001010001010001000000000000000000000000000100010000000000000000000101000101000100000000000000000000010001
10000000000000000000000000101000001000100000000000000000000000001010001000000000000000000010100010100010000000000000000000001000
01000000000000000000000000010100000100010000000000000000000000000101000100000000000000000001010001010001000000000000000000000100
00100000000000000000000000001010000010001000000000000000000000000010100010000000000000000000101000101000100000000000000000000010
00010000000000000000000000000101000001000100000000000000000000000001010001000000000000000000010100010100010000000000000000000001
10001000000000000000000000000010000000100010000000000000000000001000101000100000000000000000001010001010001000000000000000000000
01000100000000000000000000000001000000010001000000000000000000000100010100010000000000000000000101000101000100000000000000000000
10100010000000000000000000000000000000001000100000000000000000001010001010001000000000000000000000100010100010000000000000000000
01010001000000000000000000000000000000000100010000000000000000000101000101000100000000000000000000010001010001000000000000000000
00101000100000000000000000000000000000000010001000000000000000000010100010100010000000000000000000001000101000100000000000000000
00010100010000000000000000000000000000000001000100000000000000000001010001010001000000000000000000000100010100010000000000000000
00001010001000000000000000000000000000000000100010000000000000000000101000101000100000000000000000000010001010001000000000000000
00000101000100000000000000000000000000000000010001000000000000000000010100010100010000000000000000000001000101000100000000000000
00000010100010000000000000000000000000000000001000100000000000000000001010001010001000000000000000000000100010100010000000000000
00000001010001000000000000000000000000000000000100010000000000000000000101000101000100000000000000000000010001010001000000000000
00000000101000100000000000000000000000000000000010001000000000000000000010100010100010000000000000000000001000101000100000000000
00000000010100010000000000000000000000000000000001000100000000000000000001010001010001000000000000000000000100010100010000000000
00000000001010001000000000000000000000000000000000100010000000000000000000101000101000100000000000000000000010001010001000000000
00000000000101000100000000000000000000000000000000010001000000000000000000010100010100010000000000000000000001000101000100000000
00000000000010100010000000000000000000000000000000001000100000000000000000001010001010001000000000000000000000100010100010000000
00000000000001010001000000000000000000000000000000000100010000000000000000000101000101000100000000000000000000010001010001000000
00000000000000101000100000000000000000000000000000000010001000000000000000000010100010100010000000000000000000001000101000100000
00000000000000010100010000000000000000000000000000000001000100000000000000000001010001010001000000000000000000000100010100010000
00000000000000001010001000000000000000000000000000000000100010000000000000000000101000101000100000000000000000000010001010001000
00000000000000000101000100000000000000000000000000000000010001000000000000000000010100010100010000000000000000000001000101000100
00000000000000000010100010000000000000000000000000000000001000100000000000000000001010001010001000000000000000000000100010100010
00000000000000000001010001000000000000000000000000000000000100010000000000000000000101000101000100000000000000000000010001010001
00000000000000000000101000100000100000000000000000000000000010001000000000000000000010100010100010000000000000000000001000101000
00000000000000000000010100010000010000000000000000000000000001000100000000000000000001010001010001000000000000000000000100010100
00000000000000000000001010001000001000000000000000000000000000100010000000000000000000101000101000100000000000000000000010001010
00000000000000000000000101000100000100000000000000000000000000010001000000000000000000010100010100010000000000000000000001000101
00101000000000010001000000000000000010001010000000000100010000000010000010100001000001000100000000000000101000010000010001000000
00010100000000001000100000000000000001000101000000000010001000000001000001010000100000100010000000000000010100001000001000100000
00001010000000000100010000000000000000100010100000000001000100000000100000101000010000010001000000000000001010000100000100010000
00000101000000000010001000000000000000010001010000000000100010000000010000010100001000001000100000000000000101000010000010001000
00000010100000000001000100000000000000001000101000000000010001000000001000001010000100000100010000000000000010100001000001000100
00000001010000000000100010000000000000000100010100000000001000100000000100000101000010000010001000000000000001010000100000100010
00000000101000000000010001000000000000000010001010000000000100010000000010000010100001000001000100000000000000101000010000010001
00000000010100000000001000100000100000000001000101000000000010001000000001000001010000100000100010000000000000010100001000001000
00000000001010000000000100010000010000000000100010100000000001000100000000100000101000010000010001000000000000001010000100000100
00000000000101000000000010001000001000000000010001010000000000100010000000010000010100001000001000100000000000000101000010000010
00000000000010100000000001000100000100000000001000101000000000010001000000001000001010000100000100010000000000000010100001000001
00000000000001010000000000100010100010000000000100010100000000001000100000000100000101000010000010001000000000000001010000100000
00000000000000101000000000010001010001000000000010001010000000000100010000000010000010100001000001000100000000000000101000010000
10000000000000010100000000001000001000100000000001000101000000000010001000000001000001010000100000100010000000000000010100001000
01000000000000001010000000000100000100010000000000100010100000000001000100000000100000101000010000010001000000000000001010000100
00100000000000000101000000000010000010001000000000010001010000000000100010000000010000010100001000001000100000000000000101000010
00010000000000000010100000000001000001000100000000001000101000000000010001000000001000001010000100000100010000000000000010100001
10001000000000000001010000000000000000100010000000000100010100001000001000100000000100000101000010000010001000000000000001010000
01000100000000000000101000000000000000010001000000000010001010000100000100010000000010000010100001000001000100000000000000101000
00100010000000000000010100000000000000001000100000000001000101000010000010001000000001000001010000100000100010000000000000010100
00010001000000000000001010000000000000000100010000000000100010100001000001000100000000100000101000010000010001000000000000001010
00001000100000000000000101000000000000000010001000000000010001010000100000100010000000010000010100001000001000100000000000000101
00000100010000000000000010100000100000000001000100000000001000101000010000010001000000001000001010000100000100010000000000000010
00000010001000000000000001010000010000000000100010000000000100010100001000001000100000000100000101000010000010001000000000000001
00000001000100000000000000101000101000000000010001000000000010001010000100000100010000000010000010100001000001000100000000000000
00000000100010000000000000010100010100000000001000100000000001000101000010000010001000000001000001010000100000100010000000000000
00000000010001000000000000001010001010000000000100010000000000100010100001000001000100000000100000101000010000010001000000000000
00000000001000100000000000000101000101000000000010001000000000010001010000100000100010000000010000010100001000001000100000000000
10000000000100010000000000000010100010100000000001000100000000000000101000010000010001000000001000001010000100000100010000000000
01000000000010001000000000000001010001010000000000100010000000000000010100001000001000100000000100000101000010000010001000000000
10100000000001000100000000000000001000101000000000010001000000001000001010000100000100010000000000000010100001000001000100000000
01010000000000100010000000000000000100010100000000001000100000000100000101000010000010001000000000000001010000100000100010000000
00100000000010010000000001000000000000001000000100100100000000010010000010001000001001000000000100100000100000000010010000000001
00010000000001001000000000100000100000000100000010010010000000001001000001000100000100100000000010010000010000000001001000000000
00001000000000100100000000010000010000000010000001001001000000000100100000100010000010010000000001001000001000000000100100000000
00000100000000010010000000001000001000000001000000100100100000000010010000010001000001001000000000100100000100000000010010000000
00000010000000001001000000000100000100000000100000010010010000000001001000001000100000100100000000010010000010000000001001000000
00000001000000000100100000000010000010000000010000001001001000000000100100000100010000010010000000001001000001000000000100100000
00000000100000000010010000000001000001000000001000000100100100000000010010000010001000001001000000000100100000100000000010010000
10000000010000000001001000000000000000100000000100000010010010000000001001000001000100000100100000000010010000010000000001001000
01000000001000000000100100000000000000010000000010000001001001000000000100100000100010000010010000000001001000001000000000100100
00100000000100000000010010000000000000001000000001000000100100100000000010010000010001000001001000000000100100000100000000010010
00010000000010000000001001000000000000000100000000100000010010010000000001001000001000100000100100000000010010000010000000001001
00001000000001000000000100100000100000000010000000010000001001001000000000100100000100010000010010000000001001000001000000000100
00000100000000100000000010010000010000000001000000001000000100100100000000010010000010001000001001000000000100100000100000000010
00000010000000010000000001001000001000000000100000000100000010010010000000001001000001000100000100100000000010010000010000000001
00000001000000001000000000100100100100000000010000000010000001001001000000000100100000100010000010010000000001001000001000000000
00000000100000000100000000010010010010000000001000000001000000100100100000000010010000010001000001001000000000100100000100000000
00000000010000000010000000001001001001000000000100000000100000010010010000000001001000001000100000100100000000010010000010000000
10000000001000000001000000000100100100100000000010000000010000000001001000000000100100000100010000010010000000001001000001000000
01000000000100000000100000000010010010010000000001000000001000000000100100000000010010000010001000001001000000000100100000100000
00100000000010000000010000000001001001001000000000100000000100000000010010000000001001000001000100000100100000000010010000010000
10010000000001000000001000000000000100100100000000010000000010001000001001000000000100100000100000000010010000000001001000001000
01001000000000100000000100000000000010010010000000001000000001000100000100100000000010010000010000000001001000000000100100000100
00100100000000010000000010000000000001001001000000000100000000100010000010010000000001001000001000000000100100000000010010000010
00010010000000001000000001000000000000100100100000000010000000010001000001001000000000100100000100000000010010000000001001000001
00001001000000000100000000100000100000010010010000000001000000001000100000100100000000010010000010000000001001000000000100100000
00000100100000000010000000010000010000001001001000000000100000000100010000010010000000001001000001000000000100100000000010010000
00000010010000000001000000001000001000000100100100000000010000000010001000001001000000000100100000100000000010010000000001001000
00000001001000000000100000000100000100000010010010000000001000000001000100000100100000000010010000010000000001001000000000100100
00000000100100000000010000000010000010000001001001000000000100000000100010000010010000000001001000001000000000100100000000010010
00000000010010000000001000000001000001000000100100100000000010000000010001000001001000000000100100000100000000010010000000001001
10000000001001000000000100000000000000100000010010010000000001001000001000100000100100000000010010000010000000001001000000000100
01000000000100100000000010000000000000010000001001001000000000100100000100010000010010000000001001000001000000000100100000000010
00000000000000000000000100001000001001000000000000000000000001000010010000000000000000010000010000100000000000000000000100000100
00000000000000000000000010000100000100100000000000000000000000100001001000000000000000001000001000010000000000000000000010000010
00000000000000000000000001000010000010010000000000000000000000010000100100000000000000000100000100001000000000000000000001000001
00000000000000000000000000100001100001001000000000000000000000001000010010000000000000000010000010000100000000000000000000100000
10000000000000000000000000010000010000100100000000000000000000000100001001000000000000000001000001000010000000000000000000010000
01000000000000000000000000001000001000010010000000000000000000000010000100100000000000000000100000100001000000000000000000001000
00100000000000000000000000000100000100001001000000000000000000000001000010010000000000000000010000010000100000000000000000000100
00010000000000000000000000000010000010000100100000000000000000000000100001001000000000000000001000001000010000000000000000000010
00001000000000000000000000000001000001000010010000000000000000000000010000100100000000000000000100000100001000000000000000000001
10000100000000000000000000000000000000100001001000000000000000001000001000010010000000000000000010000010000100000000000000000000
01000010000000000000000000000000000000010000100100000000000000000100000100001001000000000000000001000001000010000000000000000000
00100001000000000000000000000000000000001000010010000000000000000010000010000100100000000000000000100000100001000000000000000000
00010000100000000000000000000000000000000100001001000000000000000001000001000010010000000000000000010000010000100000000000000000
00001000010000000000000000000000000000000010000100100000000000000000100000100001001000000000000000001000001000010000000000000000
00000100001000000000000000000000000000000001000010010000000000000000010000010000100100000000000000000100000100001000000000000000
00000010000100000000000000000000000000000000100001001000000000000000001000001000010010000000000000000010000010000100000000000000
00000001000010000000000000000000000000000000010000100100000000000000000100000100001001000000000000000001000001000010000000000000
00000000100001000000000000000000000000000000001000010010000000000000000010000010000100100000000000000000100000100001000000000000
00000000010000100000000000000000000000000000000100001001000000000000000001000001000010010000000000000000010000010000100000000000
00000000001000010000000000000000000000000000000010000100100000000000000000100000100001001000000000000000001000001000010000000000
00000000000100001000000000000000000000000000000001000010010000000000000000010000010000100100000000000000000100000100001000000000
00000000000010000100000000000000000000000000000000100001001000000000000000001000001000010010000000000000000010000010000100000000
00000000000001000010000000000000000000000000000000010000100100000000000000000100000100001001000000000000000001000001000010000000
00000000000000100001000000000000000000000000000000001000010010000000000000000010000010000100100000000000000000100000100001000000
00000000000000010000100000000000000000000000000000000100001001000000000000000001000001000010010000000000000000010000010000100000
00000000000000001000010000000000000000000000000000000010000100100000000000000000100000100001001000000000000000001000001000010000
00000000000000000100001000000000000000000000000000000001000010010000000000000000010000010000100100000000000000000100000100001000
00000000000000000010000100000000100000000000000000000000100001001000000000000000001000001000010000000000000000000010000010000100
00000000000000000001000010000000010000000000000000000000010000100100000000000000000100000100001000000000000000000001000001000010
00000000000000000000100001000000001000000000000000000000001000010010000000000000000010000010000100000000000000000000100000100001
00000000000000000000010000100000100100000000000000000000000100001001000000000000000001000001000010000000000000000000010000010000
00000000000000000000001000010000010010000000000000000000000010000100100000000000000000100000100001000000000000000000001000001000
00100000010000000000010000000100000100001000000100000100000100000011000010000001000000000001010000110000100000010000000000010000
00010000001000000000001000000010000010000100000010000010000010000001100001000000100000000000101000011000010000001000000000001000
00001000000100000000000100000001000001000010000001000001000001000000110000100000010000000000010100001100001000000100000000000100
10000100000010000000000010000000000000100001000000100000100000101000011000010000001000000000001000000110000100000010000000000010
01000010000001000000000001000000000000010000100000010000010000010100001100001000000100000000000100000011000010000001000000000001
00100001000000100000000000100000100000001000010000001000001000001010000110000100000010000000000010000001100001000000100000000000
00010000100000010000000000010000010000000100001000000100000100000101000011000010000001000000000001000000110000100000010000000000
00001000010000001000000000001000001000000010000100000010000010000010100001100001000000100000000000100000011000010000001000000000
00000100001000000100000000000100000100000001000010000001000001000001010000110000100000010000000000010000001100001000000100000000
00000010000100000010000000000010000010000000100001000000100000100000101000011000010000001000000000001000000110000100000010000000
00000001000010000001000000000001000001000000010000100000010000010000010100001100001000000100000000000100000011000010000001000000
10000000100001000000100000000000100000100000001000010000001000000000001010000110000100000010000000000010000001100001000000100000
01000000010000100000010000000000010000010000000100001000000100000000000101000011000010000001000000000001000000110000100000010000
00100000001000010000001000000000001000001000000010000100000010000000000010100001100001000000100000000000100000011000010000001000
00010000000100001000000100000000000100000100000001000010000001000000000001010000110000100000010000000000010000001100001000000100
00001000000010000100000010000000000010000010000000100001000000100000000000101000011000010000001000000000001000000110000100000010
00000100000001000010000001000000000001000001000000010000100000010000000000010100001100001000000100000000000100000011000010000001
00000010000000100001000000100000100000100000100000001000010000001000000000001010000110000100000010000000000010000001100001000000
00000001000000010000100000010000010000010000010000000100001000000100000000000101000011000010000001000000000001000000110000100000
00000000100000001000010000001000001000001000001000000010000100000010000000000010100001100001000000100000000000100000011000010000
00000000010000000100001000000100000100000100000100000001000010000001000000000001010000110000100000010000000000010000001100001000
00000000001000000010000100000010000010000010000010000000100001000000100000000000101000011000010000001000000000001000000110000100
00000000000100000001000010000001000001000001000001000000010000100000010000000000010100001100001000000100000000000100000011000010
10000000000010000000100001000000000000100000100000100000001000010000001000000000001010000110000100000010000000000010000001100001
01000000000001000000010000100000100000010000010000010000000100001000000100000000000101000011000010000001000000000001000000110000
00100000000000100000001000010000010000001000001000001000000010000100000010000000000010100001100001000000100000000000100000011000
00010000000000010000000100001000001000000100000100000100000001000010000001000000000001010000110000100000010000000000010000001100
00001000000000001000000010000100000100000010000010000010000000100001000000100000000000101000011000010000001000000000001000000110
00000100000000000100000001000010000010000001000001000001000000010000100000010000000000010100001100001000000100000000000100000011
00000010000000000010000000100001100001000000100000100000100000001000010000001000000000001010000110000100000010000000000010000001
10000001000000000001000000010000010000100000010000010000010000001100001000000100000000000101000011000010000001000000000001000000
01000000100000000000100000001000001000010000001000001000001000000110000100000010000000000010100001100001000000100000000000100000
00001000000001000000000000001001001001000010000000010000000000010010110000100100000100000000000000100100001001000001000000000000
10000100000000100000000000000100100100100001000000001000000000000001011000010010000010000000000000010010000100100000100000000000
01000010000000010000000000000010010010010000100000000100000000000000101100001001000001000000000000001001000010010000010000000000
00100001000000001000000000000001001001001000010000000010000000000000010110000100100000100000000000000100100001001000001000000000
10010000100000000100000000000000000100100100001000000001000000000000001011000010010000010000000000000010010000100100000100000000
01001000010000000010000000000000000010010010000100000000100000000000000101100001001000001000000000000001001000010010000010000000
00100100001000000001000000000000000001001001000010000000010000000000000010110000100100000100000000000000100100001001000001000000
00010010000100000000100000000000000000100100100001000000001000000000000001011000010010000010000000000000010010000100100000100000
00001001000010000000010000000000000000010010010000100000000100000000000000101100001001000001000000000000001001000010010000010000
00000100100001000000001000000000000000001001001000010000000010000000000000010110000100100000100000000000000100100001001000001000
00000010010000100000000100000000000000000100100100001000000001000000000000001011000010010000010000000000000010010000100100000100
00000001001000010000000010000000000000000010010010000100000000100000000000000101100001001000001000000000000001001000010010000010
00000000100100001000000001000000000000000001001001000010000000010000000000000010110000100100000100000000000000100100001001000001
00000000010010000100000000100000100000000000100100100001000000001000000000000001011000010010000010000000000000010010000100100000
00000000001001000010000000010000010000000000010010010000100000000100000000000000101100001001000001000000000000001001000010010000
00000000000100100001000000001000001000000000001001001000010000000010000000000000010110000100100000100000000000000100100001001000
00000000000010010000100000000100000100000000000100100100001000000001000000000000001011000010010000010000000000000010010000100100
00000000000001001000010000000010000010000000000010010010000100000000100000000000000101100001001000001000000000000001001000010010
00000000000000100100001000000001000001000000000001001001000010000000010000000000000010110000100100000100000000000000100100001001
10000000000000010010000100000000000000100000000000100100100001001000001000000000000001011000010010000010000000000000010010000100
01000000000000001001000010000000000000010000000000010010010000100100000100000000000000101100001001000001000000000000001001000010
00100000000000000100100001000000000000001000000000001001001000010010000010000000000000010110000100100000100000000000000100100001
00010000000000000010010000100000100000000100000000000100100100001001000001000000000000001011000010010000010000000000000010010000
00001000000000000001001000010000010000000010000000000010010010000100100000100000000000000101100001001000001000000000000001001000
00000100000000000000100100001000001000000001000000000001001001000010010000010000000000000010110000100100000100000000000000100100
00000010000000000000010010000100000100000000100000000000100100100001001000001000000000000001011000010010000010000000000000010010
00000001000000000000001001000010000010000000010000000000010010010000100100000100000000000000101100001001000001000000000000001001
00000000100000000000000100100001100001000000001000000000001001001000010010000010000000000000010110000100100000100000000000000100
10000000010000000000000010010000010000100000000100000000000100101100001001000001000000000000001001000010010000010000000000000010
01000000001000000000000001001000001000010000000010000000000010010110000100100000100000000000000100100001001000001000000000000001
00100000000100000000000000100100100100001000000001000000000001001011000010010000010000000000000010010000100100000100000000000000
00010000000010000000000000010010010010000100000000100000000000100101100001001000001000000000000001001000010010000010000000000000
10000010100000000000001000000000100000100000101000000000000010000000000000001010000000100000100000000010000010100000001000001000
01000001010000000000000100000000010000010000010100000000000001000000000000000101000000010000010000000001000001010000000100000100
00100000101000000000000010000000001000001000001010000000000000100000000000000010100000001000001000000000100000101000000010000010
00010000010100000000000001000000000100000100000101000000000000010000000000000001010000000100000100000000010000010100000001000001
00001000001010000000000000100000100010000010000010100000000000001000000000000000101000000010000010000000001000001010000000100000
00000100000101000000000000010000010001000001000001010000000000000100000000000000010100000001000001000000000100000101000000010000
00000010000010100000000000001000001000100000100000101000000000000010000000000000001010000000100000100000000010000010100000001000
00000001000001010000000000000100000100010000010000010100000000000001000000000000000101000000010000010000000001000001010000000100
00000000100000101000000000000010000010001000001000001010000000000000100000000000000010100000001000001000000000100000101000000010
00000000010000010100000000000001000001000100000100000101000000000000010000000000000001010000000100000100000000010000010100000001
10000000001000001010000000000000000000100010000010000010100000001000001000000000000000101000000010000010000000001000001010000000
01000000000100000101000000000000000000010001000001000001010000000100000100000000000000010100000001000001000000000100000101000000
00100000000010000010100000000000000000001000100000100000101000000010000010000000000000001010000000100000100000000010000010100000
00010000000001000001010000000000000000000100010000010000010100000001000001000000000000000101000000010000010000000001000001010000
00001000000000100000101000000000000000000010001000001000001010000000100000100000000000000010100000001000001000000000100000101000
00000100000000010000010100000000000000000001000100000100000101000000010000010000000000000001010000000100000100000000010000010100
00000010000000001000001010000000000000000000100010000010000010100000001000001000000000000000101000000010000010000000001000001010
00000001000000000100000101000000000000000000010001000001000001010000000100000100000000000000010100000001000001000000000100000101
00000000100000000010000010100000100000000000001000100000100000101000000010000010000000000000001010000000100000100000000010000010
00000000010000000001000001010000010000000000000100010000010000010100000001000001000000000000000101000000010000010000000001000001
00000000001000000000100000101000101000000000000010001000001000001010000000100000100000000000000010100000001000001000000000100000
00000000000100000000010000010100010100000000000001000100000100000101000000010000010000000000000001010000000100000100000000010000
00000000000010000000001000001010001010000000000000100010000010000010100000001000001000000000000000101000000010000010000000001000
00000000000001000000000100000101000101000000000000010001000001000001010000000100000100000000000000010100000001000001000000000100
10000000000000100000000010000010000010100000000000001000100000100000101000000010000010000000000000001010000000100000100000000010
01000000000000010000000001000001000001010000000000000100010000010000010100000001000001000000000000000101000000010000010000000001
10100000000000001000000000100000100000101000000000000010001000000000001010000000100000100000000010000010100000001000001000000000
01010000000000000100000000010000010000010100000000000001000100000000000101000000010000010000000001000001010000000100000100000000
00101000000000000010000000001000001000001010000000000000100010000000000010100000001000001000000000100000101000000010000010000000
00010100000000000001000000000100000100000101000000000000010001000000000001010000000100000100000000010000010100000001000001000000
00001010000000000000100000000010000010000010100000000000001000100000000000101000000010000010000000001000001010000000100000100000
00000101000000000000010000000001000001000001010000000000000100010000000000010100000001000001000000000100000101000000010000010000
10001000000010000000100000000000000000100010000000101000001000000000101000101000001000000010000000001010001000000010000000100000
01000100000001000000010000000000000000010001000000010100000100000000010100010100000100000001000000000101000100000001000000010000
00100010000000100000001000000000000000001000100000001010000010000000001010001010000010000000100000000010100010000000100000001000
00010001000000010000000100000000000000000100010000000101000001000000000101000101000001000000010000000001010001000000010000000100
00001000100000001000000010000000000000000010001000000010100000100000000010100010100000100000001000000000101000100000001000000010
00000100010000000100000001000000000000000001000100000001010000010000000001010001010000010000000100000000010100010000000100000001
00000010001000000010000000100000100000000000100010000000101000001000000000101000101000001000000010000000001010001000000010000000
00000001000100000001000000010000010000000000010001000000010100000100000000010100010100000100000001000000000101000100000001000000
00000000100010000000100000001000001000000000001000100000001010000010000000001010001010000010000000100000000010100010000000100000
00000000010001000000010000000100000100000000000100010000000101000001000000000101000101000001000000010000000001010001000000010000
00000000001000100000001000000010000010000000000010001000000010100000100000000010100010100000100000001000000000101000100000001000
00000000000100010000000100000001000001000000000001000100000001010000010000000001010001010000010000000100000000010100010000000100
10000000000010001000000010000000100000100000000000100010000000100000001000000000101000101000001000000010000000001010001000000010
01000000000001000100000001000000010000010000000000010001000000010000000100000000010100010100000100000001000000000101000100000001
00100000000000100010000000100000101000001000000000001000100000001000000010000000001010001010000010000000100000000010100010000000
00010000000000010001000000010000010100000100000000000100010000000100000001000000000101000101000001000000010000000001010001000000
00001000000000001000100000001000001010000010000000000010001000000010000000100000000010100010100000100000001000000000101000100000
00000100000000000100010000000100000101000001000000000001000100000001000000010000000001010001010000010000000100000000010100010000
00000010000000000010001000000010000010100000100000000000100010000000100000001000000000101000101000001000000010000000001010001000
00000001000000000001000100000001000001010000010000000000010001000000010000000100000000010100010100000100000001000000000101000100
10000000100000000000100010000000000000101000001000000000001000101000001000000010000000001010001000000010000000100000000010100010
01000000010000000000010001000000000000010100000100000000000100010100000100000001000000000101000100000001000000010000000001010001
00100000001000000000001000100000100000001010000010000000000010001010000010000000100000000010100010000000100000001000000000101000
00010000000100000000000100010000010000000101000001000000000001000101000001000000010000000001010001000000010000000100000000010100
00001000000010000000000010001000001000000010100000100000000000100010100000100000001000000000101000100000001000000010000000001010
00000100000001000000000001000100000100000001010000010000000000010001010000010000000100000000010100010000000100000001000000000101
00000010000000100000000000100010100010000000101000001000000000001000101000001000000010000000001010001000000010000000100000000010
00000001000000010000000000010001010001000000010100000100000000000100010100000100000001000000000101000100000001000000010000000001
10000000100000001000000000001000001000100000001010000010000000001010001010000010000000100000000010100010000000100000001000000000
01000000010000000100000000000100000100010000000101000001000000000101000101000001000000010000000001010001000000010000000100000000
00100000001000000010000000000010000010001000000010100000100000000010100010100000100000001000000000101000100000001000000010000000
00010000000100000001000000000001000001000100000001010000010000000001010001010000010000000100000000010100010000000100000001000000
00110000000000000010000000100000100000001100000000000000101000001011000011000000000000001000000010100000110000000000000010000000
00011000000000000001000000010000010000000110000000000000010100000101100001100000000000000100000001010000011000000000000001000000
00001100000000000000100000001000001000000011000000000000001010000010110000110000000000000010000000101000001100000000000000100000
00000110000000000000010000000100000100000001100000000000000101000001011000011000000000000001000000010100000110000000000000010000
00000011000000000000001000000010000010000000110000000000000010100000101100001100000000000000100000001010000011000000000000001000
00000001100000000000000100000001000001000000011000000000000001010000010110000110000000000000010000000101000001100000000000000100
10000000110000000000000010000000100000100000001100000000000000100000001011000011000000000000001000000010100000110000000000000010
01000000011000000000000001000000010000010000000110000000000000010000000101100001100000000000000100000001010000011000000000000001
00100000001100000000000000100000101000001000000011000000000000001000000010110000110000000000000010000000101000001100000000000000
00010000000110000000000000010000010100000100000001100000000000000100000001011000011000000000000001000000010100000110000000000000
00001000000011000000000000001000001010000010000000110000000000000010000000101100001100000000000000100000001010000011000000000000
00000100000001100000000000000100000101000001000000011000000000000001000000010110000110000000000000010000000101000001100000000000
00000010000000110000000000000010000010100000100000001100000000000000100000001011000011000000000000001000000010100000110000000000
00000001000000011000000000000001000001010000010000000110000000000000010000000101100001100000000000000100000001010000011000000000
10000000100000001100000000000000000000101000001000000011000000000000001000000010110000110000000000000010000000101000001100000000
01000000010000000110000000000000000000010100000100000001100000000000000100000001011000011000000000000001000000010100000110000000
00100000001000000011000000000000000000001010000010000000110000000000000010000000101100001100000000000000100000001010000011000000
00010000000100000001100000000000000000000101000001000000011000000000000001000000010110000110000000000000010000000101000001100000
00001000000010000000110000000000000000000010100000100000001100000000000000100000001011000011000000000000001000000010100000110000
00000100000001000000011000000000000000000001010000010000000110000000000000010000000101100001100000000000000100000001010000011000
00000010000000100000001100000000000000000000101000001000000011000000000000001000000010110000110000000000000010000000101000001100
00000001000000010000000110000000000000000000010100000100000001100000000000000100000001011000011000000000000001000000010100000110
00000000100000001000000011000000000000000000001010000010000000110000000000000010000000101100001100000000000000100000001010000011
00000000010000000100000001100000100000000000000101000001000000011000000000000001000000010110000110000000000000010000000101000001
00000000001000000010000000110000110000000000000010100000100000001100000000000000100000001011000011000000000000001000000010100000
00000000000100000001000000011000011000000000000001010000010000000110000000000000010000000101100001100000000000000100000001010000
00000000000010000000100000001100001100000000000000101000001000000011000000000000001000000010110000110000000000000010000000101000
00000000000001000000010000000110000110000000000000010100000100000001100000000000000100000001011000011000000000000001000000010100
00000000000000100000001000000011000011000000000000001010000010000000110000000000000010000000101100001100000000000000100000001010
10000000000000010000000100000001000001100000000000000101000001001000011000000000000001000000010100000110000000000000010000000101
11000000000000001000000010000000000000110000000000000010100000101100001100000000000000100000001010000011000000000000001000000010
01100000000000000100000001000000000000011000000000000001010000010110000110000000000000010000000101000001100000000000000100000001
00000000001000001000000000000101000101000000000010000010000000010001010000100000100000100000010000010100000000001000001000000100
10000000000100000100000000000010100010100000000001000001000000000000101000010000010000010000001000001010000000000100000100000010
01000000000010000010000000000001010001010000000000100000100000000000010100001000001000001000000100000101000000000010000010000001
10100000000001000001000000000000001000101000000000010000010000001000001010000100000100000100000010000010100000000001000001000000
01010000000000100000100000000000000100010100000000001000001000000100000101000010000010000010000001000001010000000000100000100000
00101000000000010000010000000000000010001010000000000100000100000010000010100001000001000001000000100000101000000000010000010000
00010100000000001000001000000000000001000101000000000010000010000001000001010000100000100000100000010000010100000000001000001000
00001010000000000100000100000000000000100010100000000001000001000000100000101000010000010000010000001000001010000000000100000100
00000101000000000010000010000000000000010001010000000000100000100000010000010100001000001000001000000100000101000000000010000010
00000010100000000001000001000000000000001000101000000000010000010000001000001010000100000100000100000010000010100000000001000001
00000001010000000000100000100000100000000100010100000000001000001000000100000101000010000010000010000001000001010000000000100000
00000000101000000000010000010000010000000010001010000000000100000100000010000010100001000001000001000000100000101000000000010000
00000000010100000000001000001000001000000001000101000000000010000010000001000001010000100000100000100000010000010100000000001000
00000000001010000000000100000100000100000000100010100000000001000001000000100000101000010000010000010000001000001010000000000100
00000000000101000000000010000010000010000000010001010000000000100000100000010000010100001000001000001000000100000101000000000010
00000000000010100000000001000001000001000000001000101000000000010000010000001000001010000100000100000100000010000010100000000001
10000000000001010000000000100000100000100000000100010100000000001000001000000100000101000010000010000010000001000001010000000000
01000000000000101000000000010000010000010000000010001010000000000100000100000010000010100001000001000001000000100000101000000000
00100000000000010100000000001000001000001000000001000101000000000010000010000001000001010000100000100000100000010000010100000000
00010000000000001010000000000100000100000100000000100010100000000001000001000000100000101000010000010000010000001000001010000000
00001000000000000101000000000010000010000010000000010001010000000000100000100000010000010100001000001000001000000100000101000000
00000100000000000010100000000001000001000001000000001000101000000000010000010000001000001010000100000100000100000010000010100000
10000010000000000001010000000000000000100000100000000100010100001000001000001000000100000101000000000010000010000001000001010000
01000001000000000000101000000000000000010000010000000010001010000100000100000100000010000010100000000001000001000000100000101000
00100000100000000000010100000000000000001000001000000001000101000010000010000010000001000001010000000000100000100000010000010100
00010000010000000000001010000000000000000100000100000000100010100001000001000001000000100000101000000000010000010000001000001010
00001000001000000000000101000000000000000010000010000000010001010000100000100000100000010000010100000000001000001000000100000101
00000100000100000000000010100000100000000001000001000000001000101000010000010000010000001000001010000000000100000100000010000010
00000010000010000000000001010000010000000000100000100000000100010100001000001000001000000100000101000000000010000010000001000001
00000001000001000000000000101000101000000000010000010000000010001010000100000100000100000010000010100000000001000001000000100000
00000000100000100000000000010100010100000000001000001000000001000101000010000010000010000001000001010000000000100000100000010000
00000000010000010000000000001010001010000000000100000100000000100010100001000001000001000000100000101000000000010000010000001000
10000001001000000000000000010000010000110000010010000000000000000100001000100100100000000001000001000010001001001000000000000000
01000000100100000000000000001000001000011000001001000000000000000010000100010010010000000000100000100001000100100100000000000000
00100000010010000000000000000100000100001100000100100000000000000001000010001001001000000000010000010000100010010010000000000000
00010000001001000000000000000010000010000110000010010000000000000000100001000100100100000000001000001000010001001001000000000000
00001000000100100000000000000001000001000011000001001000000000000000010000100010010010000000000100000100001000100100100000000000
10000100000010010000000000000000000000100001100000100100000000001000001000010001001001000000000000000010000100010010010000000000
01000010000001001000000000000000000000010000110000010010000000000100000100001000100100100000000000000001000010001001001000000000
00100001000000100100000000000000000000001000011000001001000000000010000010000100010010010000000000000000100001000100100100000000
00010000100000010010000000000000000000000100001100000100100000000001000001000010001001001000000000000000010000100010010010000000
00001000010000001001000000000000000000000010000110000010010000000000100000100001000100100100000000000000001000010001001001000000
00000100001000000100100000000000000000000001000011000001001000000000010000010000100010010010000000000000000100001000100100100000
00000010000100000010010000000000000000000000100001100000100100000000001000001000010001001001000000000000000010000100010010010000
00000001000010000001001000000000000000000000010000110000010010000000000100000100001000100100100000000000000001000010001001001000
00000000100001000000100100000000000000000000001000011000001001000000000010000010000100010010010000000000000000100001000100100100
00000000010000100000010010000000000000000000000100001100000100100000000001000001000010001001001000000000000000010000100010010010
00000000001000010000001001000000000000000000000010000110000010010000000000100000100001000100100100000000000000001000010001001001
00000000000100001000000100100000100000000000000001000011000001001000000000010000010000100010010010000000000000000100001000100100
00000000000010000100000010010000010000000000000000100001100000100100000000001000001000010001001001000000000000000010000100010010
00000000000001000010000001001000001000000000000000010000110000010010000000000100000100001000100100100000000000000001000010001001
00000000000000100001000000100100100100000000000000001000011000001001000000000010000010000100010010010000000000000000100001000100
00000000000000010000100000010010010010000000000000000100001100000100100000000001000001000010001001001000000000000000010000100010
00000000000000001000010000001001001001000000000000000010000110000010010000000000100000100001000100100100000000000000001000010001
10000000000000000100001000000100000100100000000000000001000011001001001000000000010000010000100010010010000000000000000100001000
01000000000000000010000100000010000010010000000000000000100001100100100100000000001000001000010001001001000000000000000010000100
00100000000000000001000010000001000001001000000000000000010000110010010010000000000100000100001000100100100000000000000001000010
10010000000000000000100001000000100000100100000000000000001000010001001001000000000010000010000100010010010000000000000000100001
01001000000000000000010000100000110000010010000000000000000100001000100100100000000001000001000010001001001000000000000000010000
00100100000000000000001000010000011000001001000000000000000010000100010010010000000000100000100001000100100100000000000000001000
00010010000000000000000100001000001100000100100000000000000001000010001001001000000000010000010000100010010010000000000000000100
00001001000000000000000010000100000110000010010000000000000000100001000100100100000000001000001000010001001001000000000000000010
00000100100000000000000001000010000011000001001000000000000000010000100010010010000000000100000100001000100100100000000000000001
00000010010000000000000000100001100001100000100100000000000000001000010001001001000000000010000010000100010010010000000000000000
