000000000000000000000000000000010000001000000001000000000000000000000000000000010000001000000000000000000000000000000000000000010000001000000000000000000000000000000000000000010000001000000000000000000000000000000000000000010000001000000000000000000000000000000000000000000000001000000001000000000000000000000000000000000000001000000001000000000000000000000000000000010000001000000001
100000000000000000000000000000000000100000000100000000000000000000000000000000000000100000000100000000000000000000000000000000000000100000000100000000000000000000000000000000000000100000000100000000000000000000000000000000000000100000000100100000000000000000000000000000000000000000000000100000000000000000000000000000000000000000000000100000000000000000000000000000000000100000000000
100000000000000000000000000000000000000100110000100000000000000000000000000000000000000100110000000000000000000000000000000000000000000100110000000000000000000000000000000000000000000100010000000000000000000000000000000000000000000000010000100000000000000000000000000000000000000100100100100000000000000000000000000000000000000100110100100000000000000000000000000000000000000100110100
000000000000000000000000000000100000100000000001000000000000000000000000000000100000100000000001000000000000000000000000000000100000100000000001000000000000000000000000000000100000100000000000000000000000000000000000000000100000000000000000000000000000000000000000000000000000100000000001000000000000000000000000000000000000100000000001000000000000000000000000000000100000100000000001
000000000000000000000000000000100010000000000001000000000000000000000000000000100010000000000000000000000000000000000000000000000010000000000000000000000000000000000000000000000010000000000000000000000000000000000000000000000010000000000000000000000000000000000000000000100000000000000001000000000000000000000000000000100010000000000001000000000000000000000000000000100010000000000001
100000000000000000000000000000000000000001010001000000000000000000000000000000000000000001010001000000000000000000000000000000000000000001010001000000000000000000000000000000000000000000010001000000000000000000000000000000000000000000010000100000000000000000000000000000000000000001010001100000000000000000000000000000000000001001010001100000000000000000000000000000000000000001010001
100000000000000000000000000000000010000000000010100000000000000000000000000000000010000000000010100000000000000000000000000000000010000000000010100000000000000000000000000000000010000000000010000000000000000000000000000000000010000000000010100000000000000000000000000000000010000000000000100000000000000000000000000000000010000000000000100000000000000000000000000000000010000000000000
000000000000000000000000000010010000000000000001000000000000000000000000000010010000000000000000000000000000000000000000000010000000000000000000000000000000000000000000000000000000000000000000000000000000000000000000000000000000000000000000000000000000000000000000000010010000000000000001000000000000000000000000000010010000000000000001000000000000000000000000000010010000000000000001
000000000000000000000000000000000000000001011010000000000000000000000000000000000000000001011110000000000000000000000000000000000000000001001110000000000000000000000000000000000000000001001110000000000000000000000000000000000000000001001010000000000000000000000000000000000000000000010000000000000000000000000000000000000000000000011000000000000000000000000000000000000000000000011010
000000000000000000000000000000000110000000000001000000000000000000000000000000000110000000000001000000000000000000000000000000000110000000000001000000000000000000000000000000000110000000000000000000000000000000000000000000000110000000000000000000000000000000000000000000000010000000000001000000000000000000000000000000000010000000000001000000000000000000000000000000000010000000000001
100000000000000000000000000000100000000010000000000000000000000000000000000000100000000010000000000000000000000000000000000000100000000010000000000000000000000000000000000000100000000010000000000000000000000000000000000000100000000000000000100000000000000000000000000000000000000010000000100000000000000000000000000000100000000010000000100000000000000000000000000000100000000010000000
000000000000000000000000000000000000000100000001100000000000000000000000000000000000000100000001100000000000000000000000000000000000000000000001100000000000000000000000000000000000000001000001100000000000000000000000000000000000000001000001100000000000000000000000000000000000000100000000100000000000000000000000000000000000000100000000000000000000000000000000000000000000000100000000
000000000000000000000000000000100000000000001001000000000000000000000000000000100000000000001001000000000000000000000000000000100000000000001000000000000000000000000000000000100000000000001000000000000000000000000000000000100000000000001000000000000000000000000000000000000000000000000001000000000000000000000000000000000000000000001001000000000000000000000000000000000000000000001001
000000000000000000000000000001000000000000000011000000000000000000000000000001000000000000000011000000000000000000000000000001000000000000000011000000000000000000000000000001000000000000000010000000000000000000000000000001000000000000000010000000000000000000000000000001000000000000000001000000000000000000000000000001000000000000000001000000000000000000000000000001000000000000000011
000000000000000000000000000000000000000001101001000000000000000000000000000000000000000001101001000000000000000000000000000000000000000001101000000000000000000000000000000000000000000001001000000000000000000000000000000000000000000001000000000000000000000000000000000000000000000000101001000000000000000000000000000000000000001000101001000000000000000000000000000000000000000000101001
100000000000000000000000001001000000000000000000100000000000000000000000001001000000000000000000000000000000000000000000001001000000000000000000000000000000000000000000001001000000000000000000000000000000000000000000001000000000000000000000100000000000000000000000000001000000000000000000100000000000000000000000001001000000000000000000100000000000000000000000001001000000000000000000
